Date,Open,High,Low,Close,Volume,Dividends,Stock Splits
1998-01-02 00:00:00-05:00,12.67929772147297,12.697726933277437,12.495005603428304,12.62401008605957,444000,0.0,0.0
1998-01-05 00:00:00-05:00,12.69772900693557,12.7161582217497,12.40286156990949,12.531866073608398,564300,0.0,0.0
1998-01-06 00:00:00-05:00,12.421293013843139,12.439722231964568,12.310717705114564,12.347576141357422,253600,0.0,0.0
1998-01-07 00:00:00-05:00,12.347571921635822,12.347571921635822,12.05270453246243,12.2369966506958,358100,0.0,0.0
1998-01-08 00:00:00-05:00,12.255432082385553,12.255432082385553,12.015852207090797,12.089569091796875,325100,0.0,0.0
1998-01-09 00:00:00-05:00,12.071136441475675,12.329145464652255,12.071136441475675,12.200140953063965,306600,0.0,0.0
1998-01-12 00:00:00-05:00,12.126430100309635,12.329151576150679,12.089571650156719,12.310722351074219,268300,0.0,0.0
1998-01-13 00:00:00-05:00,12.310716793008519,12.310716793008519,12.144853842204512,12.218570709228516,193300,0.0,0.0
1998-01-14 00:00:00-05:00,12.218570041656495,12.218570041656495,12.126423962910971,12.16328239440918,139500,0.0,0.0
1998-01-15 00:00:00-05:00,12.144848793976067,12.144848793976067,11.868410657542622,11.886839866638184,155400,0.0,0.0
1998-01-16 00:00:00-05:00,11.978987558388415,12.034275193273285,11.923699923503545,11.942129135131836,251100,0.0,0.0
1998-01-20 00:00:00-05:00,11.057527551763577,11.094385976936122,10.762660150383216,10.928523063659668,1051500,0.0,0.0
1998-01-21 00:00:00-05:00,10.873240890243867,10.873240890243867,10.54151489698219,10.854811668395996,1026300,0.0,0.0
1998-01-22 00:00:00-05:00,10.725805282592773,10.799522157387225,10.65208840779832,10.725805282592773,492700,0.0,0.0
1998-01-23 00:00:00-05:00,10.652088042762545,10.725804915030798,10.50465429822604,10.615229606628418,323500,0.0,0.0
1998-01-26 00:00:00-05:00,10.633658532651594,10.688946185334359,10.486224792164224,10.670516967773438,273000,0.0,0.0
1998-01-27 00:00:00-05:00,10.670525121688843,10.74424204826355,10.559949731826782,10.68895435333252,563700,0.0,0.0
1998-01-28 00:00:00-05:00,10.63365742441726,10.762661933898926,10.63365742441726,10.762661933898926,284000,0.0,0.0
1998-01-29 00:00:00-05:00,10.762661239727825,10.910094955340535,10.725802810824648,10.83637809753418,383800,0.0,0.0
1998-01-30 00:00:00-05:00,10.836384665843978,10.873243117088345,10.781096988977426,10.79952621459961,486500,0.0,0.0
1998-02-02 00:00:00-05:00,10.836381376094264,10.873239816149008,10.76266449598478,10.817952156066895,233000,0.0,0.0
1998-02-03 00:00:00-05:00,10.79952621459961,10.854813891466161,10.725809312110876,10.79952621459961,189200,0.0,0.0
1998-02-04 00:00:00-05:00,10.7995203651794,10.7995203651794,10.688945071337974,10.762661933898926,557800,0.0,0.0
1998-02-05 00:00:00-05:00,10.891664505004885,10.946952142086127,10.799518443202812,10.891664505004883,210000,0.0,0.0
1998-02-06 00:00:00-05:00,10.910093437613744,11.075956344604492,10.836376590062299,11.075956344604492,251100,0.0,0.0
1998-02-09 00:00:00-05:00,11.03909966811882,11.186533386557802,11.03909966811882,11.16810417175293,271700,0.0,0.0
1998-02-10 00:00:00-05:00,11.149677397588135,11.297111148300045,11.149677397588135,11.186535835266113,357200,0.0,0.0
1998-02-11 00:00:00-05:00,11.149675782942614,11.168104999112767,11.094388134432155,11.131246566772461,280600,0.0,0.0
1998-02-12 00:00:00-05:00,11.057528346038062,11.186532843408507,11.020669918217935,11.149674415588379,496100,0.0,0.0
1998-02-13 00:00:00-05:00,11.094389794667563,11.16810667037964,11.039102137883505,11.057531356811523,181800,0.0,0.0
1998-02-17 00:00:00-05:00,11.03910073481108,11.204963684082031,10.946954651882775,11.204963684082031,360600,0.0,0.0
1998-02-18 00:00:00-05:00,11.204963684082031,11.278680550424676,11.18653446749637,11.204963684082031,267600,0.0,0.0
1998-02-19 00:00:00-05:00,11.204964345878938,11.260251998901367,11.204964345878938,11.260251998901367,386300,0.0,0.0
1998-02-20 00:00:00-05:00,11.241819107901993,11.297106742858887,11.149673049640501,11.297106742858887,798600,0.0,0.0
1998-02-23 00:00:00-05:00,11.297111335309964,11.389257431030275,11.223394458733717,11.389257431030273,347100,0.0,0.0
1998-02-24 00:00:00-05:00,11.333971557679115,11.352400779724121,11.241825447454081,11.352400779724121,228500,0.0,0.0
1998-02-25 00:00:00-05:00,11.370826053308742,11.426113700245413,11.31553840637207,11.31553840637207,342500,0.0,0.0
1998-02-26 00:00:00-05:00,11.27868121657551,11.333968869597939,11.223393563553081,11.260251998901367,152800,0.0,0.0
1998-02-27 00:00:00-05:00,11.241815458468306,11.34778339106862,11.223386252798685,11.333961486816406,218800,0.0,0.0
1998-03-02 00:00:00-05:00,11.260244664137925,11.352390692486026,11.260244664137925,11.333961486816406,219700,0.0,0.0
1998-03-03 00:00:00-05:00,11.333961486816406,11.352390692486026,11.315532281146785,11.333961486816406,416300,0.0,0.0
1998-03-04 00:00:00-05:00,11.31553840637207,11.352396837663184,11.278679975080955,11.31553840637207,146700,0.0,0.0
1998-03-05 00:00:00-05:00,11.260248319554291,11.333965166163484,11.241819107901993,11.297106742858887,293600,0.0,0.0
1998-03-06 00:00:00-05:00,11.206406233740635,11.431283950805664,11.206406233740635,11.431283950805664,3544900,0.635,0.0
1998-03-09 00:00:00-05:00,11.393809673214747,11.412549491756218,11.318850399048861,11.337590217590332,309000,0.0,0.0
1998-03-10 00:00:00-05:00,11.337584902028569,11.468763570316503,11.31884509227315,11.431283950805664,290000,0.0,0.0
1998-03-11 00:00:00-05:00,11.412551496874901,11.656169180716237,11.412551496874901,11.61868953704834,543800,0.0,0.0
1998-03-12 00:00:00-05:00,11.618686070125339,11.618686070125339,11.52498698891465,11.562466621398926,241700,0.0,0.0
1998-03-13 00:00:00-05:00,11.524992443633195,11.618691569191189,11.506252618521597,11.59995174407959,425000,0.0,0.0
1998-03-16 00:00:00-05:00,11.599946418894998,11.899783483034447,11.581206602386281,11.8435640335083,395400,0.0,0.0
1998-03-17 00:00:00-05:00,11.843556946747062,12.087174415588379,11.843556946747062,12.087174415588379,351500,0.0,0.0
1998-03-18 00:00:00-05:00,12.030963433991877,12.293320892054005,12.030963433991877,12.255841255187988,668800,0.0,0.0
1998-03-19 00:00:00-05:00,12.218355776315711,12.443233489990234,12.180876157369958,12.443233489990234,431500,0.0,0.0
1998-03-20 00:00:00-05:00,12.518197914698277,12.724335904311571,12.480718280223131,12.686856269836426,521300,0.0,0.0
1998-03-23 00:00:00-05:00,12.668119796140763,12.686859618324403,12.536941040855282,12.611900329589844,293400,0.0,0.0
1998-03-24 00:00:00-05:00,12.593160507406203,12.668119796140763,12.518201218671642,12.611900329589844,291300,0.0,0.0
1998-03-25 00:00:00-05:00,12.59315317684842,12.724331855773924,12.555673554298275,12.724331855773926,222000,0.0,0.0
1998-03-26 00:00:00-05:00,12.705595832290308,12.705595832290308,12.555677297396027,12.574417114257812,452000,0.0,0.0
1998-03-27 00:00:00-05:00,12.499455060123317,12.536934685491003,12.312056933284886,12.405755996704102,412800,0.0,0.0
1998-03-30 00:00:00-05:00,12.40575387104448,12.536932537354618,12.368274252098727,12.443233489990234,366000,0.0,0.0
1998-03-31 00:00:00-05:00,12.368279720272438,12.668116804400254,12.330800084756461,12.630637168884277,414900,0.0,0.0
1998-04-01 00:00:00-05:00,12.649376264640262,12.649376264640262,12.480717914445059,12.593156814575195,200100,0.0,0.0
1998-04-02 00:00:00-05:00,12.555672101621274,12.649371147155762,12.536932292514377,12.649371147155762,386000,0.0,0.0
1998-04-03 00:00:00-05:00,12.64937344719382,12.761812322279987,12.593154009650736,12.743072509765625,254700,0.0,0.0
1998-04-06 00:00:00-04:00,12.686850765369556,12.705590574476453,12.611891528941968,12.649371147155762,179800,0.0,0.0
1998-04-07 00:00:00-04:00,12.611896982463843,12.611896982463843,12.48071826199245,12.536937713623047,235300,0.0,0.0
1998-04-08 00:00:00-04:00,12.499457013429101,12.555676460266113,12.443237566592089,12.555676460266113,453200,0.0,0.0
1998-04-09 00:00:00-04:00,12.536936644653776,12.555676460266113,12.387018119755076,12.555676460266113,731700,0.0,0.0
1998-04-13 00:00:00-04:00,12.593157165253643,12.593157165253643,12.48071826199245,12.536937713623047,796600,0.0,0.0
1998-04-14 00:00:00-04:00,12.499454448914387,12.686852566589264,12.46197482537941,12.668112754821777,526400,0.0,0.0
1998-04-15 00:00:00-04:00,12.63063681812371,12.743075721549143,12.593157183648565,12.686856269836426,357100,0.0,0.0
1998-04-16 00:00:00-04:00,12.611896747981381,12.611896747981381,12.518197663672456,12.574417114257812,325300,0.0,0.0
1998-04-17 00:00:00-04:00,12.574417715610313,12.630637168884277,12.46197880906238,12.630637168884277,287900,0.0,0.0
1998-04-20 00:00:00-04:00,12.574417583231089,12.574417583231089,12.461978677866878,12.499458312988281,149800,0.0,0.0
1998-04-21 00:00:00-04:00,12.44324052496144,12.44324052496144,12.31206178448745,12.3870210647583,373900,0.0,0.0
1998-04-22 00:00:00-04:00,12.34954202611272,12.368281847093165,12.293322563171387,12.293322563171387,285400,0.0,0.0
1998-04-23 00:00:00-04:00,12.312057980951273,12.387017238065132,11.918521881103516,11.918521881103516,387700,0.0,0.0
1998-04-24 00:00:00-04:00,11.918524505950066,12.16214214522263,11.824825413922158,11.95600414276123,398800,0.0,0.0
1998-04-27 00:00:00-04:00,11.918522224607061,11.956001854244189,11.450026854142946,11.862302780151367,128000,0.0,0.0
1998-04-28 00:00:00-04:00,11.881043172945642,11.89978298867584,11.712384831373859,11.768604278564453,592600,0.0,0.0
1998-04-29 00:00:00-04:00,11.806083297729492,11.806083297729492,11.656164779663085,11.712384223937988,242900,0.0,0.0
1998-04-30 00:00:00-04:00,11.749863778003007,11.956001739020603,11.749863778003007,11.88104248046875,442400,0.0,0.0
1998-05-01 00:00:00-04:00,11.899783834933476,11.899783834933476,11.768605115493266,11.787344932556152,258000,0.0,0.0
1998-05-04 00:00:00-04:00,11.824823725755047,11.843563541485246,11.69364501564366,11.768604278564453,175300,0.0,0.0
1998-05-05 00:00:00-04:00,11.712382540082855,11.749862164211121,11.562464043569795,11.67490291595459,165800,0.0,0.0
1998-05-06 00:00:00-04:00,11.731122240042076,11.731122240042076,11.618683368731768,11.693642616271973,135300,0.0,0.0
1998-05-07 00:00:00-04:00,11.656162992501871,11.693642616271973,11.656162992501871,11.693642616271973,118300,0.0,0.0
1998-05-08 00:00:00-04:00,11.656164282953874,11.712383724833073,11.581205027114942,11.63742446899414,163500,0.0,0.0
1998-05-11 00:00:00-04:00,11.637430068380963,11.768608829216175,11.618690245404505,11.656169891357422,288200,0.0,0.0
1998-05-12 00:00:00-04:00,11.656163103890458,11.67490291595459,11.59994366769806,11.67490291595459,100100,0.0,0.0
1998-05-13 00:00:00-04:00,11.637431394302787,11.656171219414386,11.543732268744794,11.59995174407959,124900,0.0,0.0
1998-05-14 00:00:00-04:00,11.581211918967991,11.637431394302787,11.562472093856393,11.59995174407959,175900,0.0,0.0
1998-05-15 00:00:00-04:00,11.599946253883202,11.656165702609615,11.543726805156789,11.562466621398926,225400,0.0,0.0
1998-05-18 00:00:00-04:00,11.506243705749512,11.562463137536563,11.43128446336678,11.506243705749512,134400,0.0,0.0
1998-05-19 00:00:00-04:00,11.487503051757812,11.506242860977647,11.35632438721898,11.487503051757812,149200,0.0,0.0
1998-05-20 00:00:00-04:00,11.487504795313265,11.67490291595459,11.468764983249132,11.67490291595459,144600,0.0,0.0
1998-05-21 00:00:00-04:00,11.674902804386923,11.749862051927128,11.618683368731768,11.693642616271973,96100,0.0,0.0
1998-05-22 00:00:00-04:00,11.656165702609615,11.731124967578165,11.562466621398926,11.562466621398926,201900,0.0,0.0
1998-05-26 00:00:00-04:00,11.581206176558025,11.599945992377698,11.450027465820312,11.450027465820312,121600,0.0,0.0
1998-05-27 00:00:00-04:00,11.431292287664476,11.599950698466083,11.28137370028527,11.468771934509277,158600,0.0,0.0
1998-05-28 00:00:00-04:00,11.4687729682984,11.656171219414386,11.4687729682984,11.59995174407959,217500,0.0,0.0
1998-05-29 00:00:00-04:00,11.562471232856042,11.73112964630127,11.562471232856042,11.73112964630127,163000,0.0,0.0
1998-06-01 00:00:00-04:00,11.693646353088285,12.199621435673835,11.674906535214745,12.162141799926758,190200,0.0,0.0
1998-06-02 00:00:00-04:00,12.087180976159063,12.218359684427455,12.030961529758322,12.105920791625977,175700,0.0,0.0
1998-06-03 00:00:00-04:00,12.06843998402725,12.25583812042519,12.049700170387457,12.143399238586426,105000,0.0,0.0
1998-06-04 00:00:00-04:00,12.087174415588379,12.180873442065808,12.049694804997408,12.087174415588379,133800,0.0,0.0
1998-06-05 00:00:00-04:00,12.068443070857896,12.255841255187987,12.068443070857896,12.255841255187988,167700,0.0,0.0
1998-06-08 00:00:00-04:00,12.201782081340507,12.220817622809058,12.106604373997758,12.125639915466309,1874800,0.635,0.0
1998-06-09 00:00:00-04:00,12.144672060769702,12.144672060769702,11.954316699315632,11.992387771606445,261000,0.0,0.0
1998-06-10 00:00:00-04:00,12.011420986734075,12.23984737633916,11.992385454266984,12.22081184387207,174600,0.0,0.0
1998-06-11 00:00:00-04:00,12.182737365249515,12.335021582315136,12.106595256716707,12.277915000915527,260500,0.0,0.0
1998-06-12 00:00:00-04:00,12.220811843872069,12.29695397374043,12.106598649069527,12.22081184387207,275100,0.0,0.0
1998-06-15 00:00:00-04:00,12.182746539871959,12.220817622809058,12.08756883252921,12.125639915466309,227000,0.0,0.0
1998-06-16 00:00:00-04:00,12.182746539871959,12.201782081340507,12.106604373997758,12.125639915466309,283000,0.0,0.0
1998-06-17 00:00:00-04:00,12.125637849925255,12.163708926377138,12.011424620569601,12.049495697021484,364200,0.0,0.0
1998-06-18 00:00:00-04:00,12.10660223122889,12.277922074123639,12.068531155030056,12.239850997924805,308200,0.0,0.0
1998-06-19 00:00:00-04:00,12.239845848083496,12.239845848083496,12.049490547180175,12.08756160736084,212700,0.0,0.0
1998-06-22 00:00:00-04:00,12.106597137451173,12.220810317993164,12.08756160736084,12.08756160736084,121200,0.0,0.0
1998-06-23 00:00:00-04:00,12.125633431680546,12.125633431680546,12.030455775230935,12.106597900390625,105600,0.0,0.0
1998-06-24 00:00:00-04:00,12.06853199005127,12.14467414771721,12.06853199005127,12.06853199005127,353200,0.0,0.0
1998-06-25 00:00:00-04:00,12.182743133060516,12.201778669205924,11.97335223546104,11.992387771606445,254300,0.0,0.0
1998-06-26 00:00:00-04:00,11.973352989946417,12.06853067667095,11.916246377911696,12.01142406463623,213700,0.0,0.0
1998-06-29 00:00:00-04:00,12.068532142519578,12.220816459775346,11.973354444234724,12.144674301147461,197000,0.0,0.0
1998-06-30 00:00:00-04:00,12.049491306520856,12.201775556840236,12.049491306520856,12.106597900390625,227100,0.0,0.0
1998-07-01 00:00:00-04:00,12.201772892382719,12.277915000915527,12.087559729583505,12.277915000915527,204800,0.0,0.0
1998-07-02 00:00:00-04:00,12.239848505970862,12.296955108642578,12.163706369075243,12.296955108642578,107100,0.0,0.0
1998-07-06 00:00:00-04:00,12.258886536024221,12.315993150322472,12.144673307427723,12.239850997924805,155100,0.0,0.0
1998-07-07 00:00:00-04:00,12.201777825444383,12.296955499589814,12.182742290615296,12.25888442993164,106000,0.0,0.0
1998-07-08 00:00:00-04:00,12.277915000915527,12.315986055181932,12.163701838116314,12.277915000915527,99800,0.0,0.0
1998-07-09 00:00:00-04:00,12.220811843872069,12.25888290880625,12.182740778937887,12.22081184387207,127900,0.0,0.0
1998-07-10 00:00:00-04:00,12.182745380461403,12.239851999432316,11.992389983891695,12.144674301147461,375900,0.0,0.0
1998-07-13 00:00:00-04:00,12.144672826050577,12.144672826050577,12.01142406463623,12.01142406463623,91500,0.0,0.0
1998-07-14 00:00:00-04:00,12.011425371801815,12.125638608300724,11.973354292968846,12.06853199005127,188700,0.0,0.0
1998-07-15 00:00:00-04:00,11.992388329928433,12.106601552118228,11.916246181801904,12.0304594039917,141600,0.0,0.0
1998-07-16 00:00:00-04:00,11.992387013518755,12.011422548460848,11.916244873750381,11.97335147857666,299900,0.0,0.0
1998-07-17 00:00:00-04:00,11.973351478576662,11.973351478576662,11.840102733982008,11.97335147857666,154900,0.0,0.0
1998-07-20 00:00:00-04:00,11.935280236816405,11.954315771484374,11.802031494140625,11.897209167480469,82600,0.0,0.0
1998-07-21 00:00:00-04:00,11.878168106079102,11.935274683512173,11.763954951212956,11.878168106079102,212100,0.0,0.0
1998-07-22 00:00:00-04:00,11.87817510773864,12.0304594039917,11.821068496643742,12.0304594039917,67900,0.0,0.0
1998-07-23 00:00:00-04:00,11.992381260945246,12.01141678675627,11.802026002835005,11.878168106079102,99100,0.0,0.0
1998-07-24 00:00:00-04:00,11.878179961078803,11.878179961078803,11.706860057794014,11.840108871459961,246700,0.0,0.0
1998-07-27 00:00:00-04:00,11.840097240613321,11.878168292833942,11.725884083951456,11.859132766723633,181200,0.0,0.0
1998-07-28 00:00:00-04:00,11.802035183101506,11.82107072371941,11.630715317540355,11.725893020629883,114600,0.0,0.0
1998-07-29 00:00:00-04:00,11.744923409591102,11.744923409591102,11.630710215980816,11.668781280517578,123500,0.0,0.0
1998-07-30 00:00:00-04:00,11.668786398776167,11.859141804955222,11.64975085815826,11.725893020629883,190300,0.0,0.0
1998-07-31 00:00:00-04:00,11.763961492491163,11.763961492491163,11.459392910161293,11.516499519348145,185900,0.0,0.0
1998-08-03 00:00:00-04:00,11.573603619175673,11.668781280517578,11.478425957833768,11.668781280517578,121400,0.0,0.0
1998-08-04 00:00:00-04:00,11.592636271065293,11.72588496383616,11.364209940600954,11.383245468139648,153100,0.0,0.0
1998-08-05 00:00:00-04:00,11.383249071260162,11.497462272644043,11.26903586987628,11.497462272644043,167400,0.0,0.0
1998-08-06 00:00:00-04:00,11.459394454956055,11.497465532879495,11.345181221185728,11.459394454956055,68600,0.0,0.0
1998-08-07 00:00:00-04:00,11.421320121276555,11.630710990166627,11.364213520670173,11.592639923095703,199900,0.0,0.0
1998-08-10 00:00:00-04:00,11.592634968679459,11.61167049407959,11.516492867078938,11.61167049407959,130200,0.0,0.0
1998-08-11 00:00:00-04:00,11.497459984455173,11.573602103557525,11.42131786535282,11.535531044006348,182500,0.0,0.0
1998-08-12 00:00:00-04:00,11.535534008789062,11.992386840820313,11.459391870117187,11.897209167480469,278900,0.0,0.0
1998-08-13 00:00:00-04:00,11.821067641581283,11.992387462473767,11.687818891998242,11.744925498962402,191800,0.0,0.0
1998-08-14 00:00:00-04:00,11.72589336882115,11.878177698286361,11.706857827638,11.782999992370605,141600,0.0,0.0
1998-08-17 00:00:00-04:00,11.954320359153868,11.954320359153868,11.821071565341644,11.91624927520752,226200,0.0,0.0
1998-08-18 00:00:00-04:00,11.840097054457052,11.916239157701149,11.78299047702398,11.878168106079102,322300,0.0,0.0
1998-08-19 00:00:00-04:00,11.821067810058594,11.878174417836656,11.744925666354513,11.821067810058594,467200,0.0,0.0
1998-08-20 00:00:00-04:00,11.840109283693375,11.878180374637727,11.744931556332496,11.802038192749023,84600,0.0,0.0
1998-08-21 00:00:00-04:00,11.725890811485579,12.106601552118228,11.706855274453947,12.0304594039917,254800,0.0,0.0
1998-08-24 00:00:00-04:00,12.049493570282985,12.182742314346147,12.011422500550655,12.16370677947998,109200,0.0,0.0
1998-08-25 00:00:00-04:00,12.163709840804433,12.182745380461403,12.011425523548665,12.144674301147461,240400,0.0,0.0
1998-08-26 00:00:00-04:00,12.087563116602436,12.335025038674612,12.030456519201165,12.22081184387207,299500,0.0,0.0
1998-08-27 00:00:00-04:00,12.14467414771721,12.220816305383147,12.011425371801815,12.06853199005127,122700,0.0,0.0
1998-08-28 00:00:00-04:00,12.068530478054964,12.087566015086596,11.840104033675374,12.0304594039917,174400,0.0,0.0
1998-08-31 00:00:00-04:00,12.011424620569601,12.48731307621816,11.954318005891773,12.049495697021484,310300,0.0,0.0
1998-09-01 00:00:00-04:00,12.10660322183352,12.182745380461403,12.030461063205637,12.144674301147461,353700,0.0,0.0
1998-09-02 00:00:00-04:00,12.106594415811392,12.106594415811392,11.802026002835005,11.878168106079102,218100,0.0,0.0
1998-09-03 00:00:00-04:00,11.802032274132573,11.897209953762676,11.706854594502472,11.821067810058594,121800,0.0,0.0
1998-09-04 00:00:00-04:00,11.821061528646029,11.878168106079102,11.725883899590908,11.878168106079102,144600,0.0,0.0
1998-09-08 00:00:00-04:00,11.803871227793717,12.132831573486328,11.76517001065341,12.132831573486328,1733500,0.635,0.0
1998-09-09 00:00:00-04:00,12.113475799560547,12.132826399879333,11.939320396691466,12.113475799560547,100300,0.0,0.0
1998-09-10 00:00:00-04:00,12.036073541029905,12.132826543771303,11.84256753554711,12.074774742126465,142000,0.0,0.0
1998-09-11 00:00:00-04:00,12.055425455298604,12.229580879211426,11.881270031385784,12.229580879211426,258200,0.0,0.0
1998-09-14 00:00:00-04:00,12.248931884765625,12.268282488059093,12.094127058417875,12.248931884765625,155500,0.0,0.0
1998-09-15 00:00:00-04:00,12.210228352852644,12.365033149719238,12.171527153635996,12.365033149719238,139900,0.0,0.0
1998-09-16 00:00:00-04:00,12.287626576978107,12.50048310035883,12.248925390908884,12.481132507324219,163500,0.0,0.0
1998-09-17 00:00:00-04:00,12.365039268136023,12.403740486502647,12.229585003852844,12.384389877319336,137900,0.0,0.0
1998-09-18 00:00:00-04:00,12.384379542151162,12.577885472497275,12.34567835608194,12.481132507324219,303600,0.0,0.0
1998-09-21 00:00:00-04:00,12.384392621896737,12.519846916198732,12.30699016800988,12.51984691619873,108200,0.0,0.0
1998-09-22 00:00:00-04:00,12.539190903057278,12.752047538757324,12.539190903057278,12.752047538757324,406100,0.0,0.0
1998-09-23 00:00:00-04:00,12.752049689566622,12.84880272211265,12.597244837492974,12.810101509094238,491400,0.0,0.0
1998-09-24 00:00:00-04:00,12.771400118166683,12.810101330645976,12.384387993373753,12.616595268249512,152100,0.0,0.0
1998-09-25 00:00:00-04:00,12.539192293175878,12.82945137403643,12.519841687785174,12.635945320129395,270300,0.0,0.0
1998-09-28 00:00:00-04:00,12.81010397479682,12.81010397479682,12.635948482692331,12.790753364562988,163600,0.0,0.0
1998-09-29 00:00:00-04:00,12.848802105348502,12.98425634441091,12.810100894187814,12.964905738830566,313400,0.0,0.0
1998-09-30 00:00:00-04:00,12.926201128213489,13.081005932144189,12.868149326739475,12.9842529296875,189000,0.0,0.0
1998-10-01 00:00:00-04:00,13.139060821477187,13.235813846672158,13.061658401321209,13.177762031555176,256800,0.0,0.0
1998-10-02 00:00:00-04:00,13.139062337103606,13.506723875255254,13.139062337103606,13.390620231628418,426200,0.0,0.0
1998-10-05 00:00:00-04:00,13.37126830631435,13.603475570678711,13.274515279495867,13.603475570678711,246100,0.0,0.0
1998-10-06 00:00:00-04:00,13.584125118827004,13.603475724409378,13.409969668585632,13.564774513244629,309300,0.0,0.0
1998-10-07 00:00:00-04:00,13.584124621384436,13.719578855500805,13.274514943404164,13.448670387268066,541800,0.0,0.0
1998-10-08 00:00:00-04:00,13.371269226074219,13.47769756289536,13.158412552431937,13.371269226074219,366100,0.0,0.0
1998-10-09 00:00:00-04:00,13.313213552747452,13.332564153841563,12.810097924300601,13.0036039352417,343900,0.0,0.0
1998-10-12 00:00:00-04:00,12.868150878738572,12.868150878738572,12.287632793983448,12.326333999633789,231700,0.0,0.0
1998-10-13 00:00:00-04:00,12.365030564994456,12.5391859250648,12.306978778304341,12.42308235168457,216300,0.0,0.0
1998-10-14 00:00:00-04:00,12.519843264076082,12.88750481278929,12.50049265624907,12.713349342346191,326600,0.0,0.0
1998-10-15 00:00:00-04:00,12.635945443964717,12.98425634441091,12.635945443964717,12.964905738830566,388500,0.0,0.0
1998-10-16 00:00:00-04:00,12.964909929747975,12.964909929747975,12.65530014038086,12.65530014038086,390200,0.0,0.0
1998-10-19 00:00:00-04:00,12.732688862790344,12.810091226697883,12.539182953021495,12.597234725952148,148000,0.0,0.0
1998-10-20 00:00:00-04:00,12.674645263946918,12.771398281228954,12.306983798275175,12.345685005187988,244300,0.0,0.0
1998-10-21 00:00:00-04:00,12.365035205284132,12.384385808109302,12.190879779857594,12.326333999633789,191800,0.0,0.0
1998-10-22 00:00:00-04:00,12.34568051057003,12.461784089039341,12.268278124923825,12.403732299804688,136200,0.0,0.0
1998-10-23 00:00:00-04:00,12.403736862629984,12.442438069689672,12.09412720615248,12.210230827331543,118600,0.0,0.0
1998-10-26 00:00:00-05:00,12.248931884765625,12.287633091352562,12.132828265004813,12.248931884765625,93200,0.0,0.0
1998-10-27 00:00:00-05:00,12.34568626572281,12.34568626572281,12.171530816833302,12.26828384399414,215700,0.0,0.0
1998-10-28 00:00:00-05:00,12.32633195050259,12.539188546194158,12.306981350894265,12.365033149719238,182200,0.0,0.0
1998-10-29 00:00:00-05:00,12.42308741901362,12.442438022470027,12.229581384449544,12.345685005187988,158900,0.0,0.0
1998-10-30 00:00:00-05:00,12.384383749327563,12.442435548152536,12.268280151677617,12.365033149719238,476900,0.0,0.0
1998-11-02 00:00:00-05:00,12.365038790569955,12.519843658057528,12.365038790569955,12.500493049621582,308300,0.0,0.0
1998-11-03 00:00:00-05:00,12.481134688412702,12.539186477661133,12.403732302748127,12.539186477661133,369400,0.0,0.0
1998-11-04 00:00:00-05:00,12.616596700237263,12.69399913398105,12.403740007441849,12.500493049621582,180400,0.0,0.0
1998-11-05 00:00:00-05:00,12.500491630811633,12.616595268249512,12.46179041833234,12.616595268249512,193700,0.0,0.0
1998-11-06 00:00:00-05:00,12.616595268249512,12.616595268249512,12.46179041833234,12.616595268249512,121900,0.0,0.0
1998-11-09 00:00:00-05:00,12.616585316929035,12.616585316929035,12.500481771067724,12.597234725952148,207700,0.0,0.0
1998-11-10 00:00:00-05:00,12.6165978724585,12.829454585030653,12.577896651990836,12.790753364562988,303800,0.0,0.0
1998-11-11 00:00:00-05:00,12.810105035064417,12.829455646899861,12.61659891670997,12.65530014038086,282800,0.0,0.0
1998-11-12 00:00:00-05:00,12.57788861980875,12.73269340282178,12.57788861980875,12.674641609191895,134100,0.0,0.0
1998-11-13 00:00:00-05:00,12.65529452253003,12.752047538757324,12.635943919284571,12.752047538757324,95800,0.0,0.0
1998-11-16 00:00:00-05:00,12.77139943936418,12.906853675842285,12.77139943936418,12.906853675842285,168500,0.0,0.0
1998-11-17 00:00:00-05:00,12.848796707015854,12.964900291717804,12.829446109565527,12.887497901916504,151500,0.0,0.0
1998-11-18 00:00:00-05:00,12.887499952890787,12.887499952890787,12.810097550771323,12.848798751831055,68200,0.0,0.0
1998-11-19 00:00:00-05:00,12.848800554984617,12.848800554984617,12.65529452253003,12.752047538757324,207600,0.0,0.0
1998-11-20 00:00:00-05:00,12.790749398831327,12.829450607299805,12.655295169191662,12.829450607299805,124800,0.0,0.0
1998-11-23 00:00:00-05:00,12.810101509094238,12.887503935131061,12.713348476548209,12.810101509094238,137400,0.0,0.0
1998-11-24 00:00:00-05:00,12.829450607299805,12.887502420002518,12.77139879459709,12.829450607299805,178100,0.0,0.0
1998-11-25 00:00:00-05:00,12.84880186020881,12.984256096686916,12.790750044575338,12.906853675842285,110500,0.0,0.0
1998-11-27 00:00:00-05:00,12.964905491475758,12.964905491475758,12.829451254997654,12.906853675842285,115300,0.0,0.0
1998-11-30 00:00:00-05:00,12.906852364720994,12.906852364720994,12.693995729020948,12.752047538757324,289500,0.0,0.0
1998-12-01 00:00:00-05:00,12.752047538757324,12.829449951739159,12.713346332266406,12.752047538757324,167500,0.0,0.0
1998-12-02 00:00:00-05:00,12.732695148651858,12.926201153950519,12.732695148651858,12.848798751831055,483200,0.0,0.0
1998-12-03 00:00:00-05:00,12.790746950241456,12.984252955540116,12.790746950241456,12.848798751831055,145200,0.0,0.0
1998-12-04 00:00:00-05:00,12.84879912648882,13.081006339618137,12.84879912648882,13.0036039352417,1946300,0.0,0.0
1998-12-07 00:00:00-05:00,12.967454312452631,13.222873867091849,12.967454312452631,13.163930892944336,861000,0.635,0.0
1998-12-08 00:00:00-05:00,13.104991847169615,13.20323016686354,13.026401191414474,13.124639511108398,315800,0.0,0.0
1998-12-09 00:00:00-05:00,13.10498880735986,13.183579444885256,13.08534114797851,13.183579444885254,203800,0.0,0.0
1998-12-10 00:00:00-05:00,13.104984392438615,13.144279697963169,12.967450823102679,13.065689086914062,332000,0.0,0.0
1998-12-11 00:00:00-05:00,13.06568776567777,13.222868971881413,12.967449511800494,13.203221321105957,296100,0.0,0.0
1998-12-14 00:00:00-05:00,13.124639511108398,13.163934838985968,13.026401191414474,13.124639511108398,347300,0.0,0.0
1998-12-15 00:00:00-05:00,13.085338535337435,13.124633846254364,13.006747913503576,13.104986190795898,455200,0.0,0.0
1998-12-16 00:00:00-05:00,13.124630718004136,13.203221321105957,13.006744813351403,13.203221321105957,557300,0.0,0.0
1998-12-17 00:00:00-05:00,13.183572067483498,13.458639144897461,13.183572067483498,13.458639144897461,798000,0.0,0.0
1998-12-18 00:00:00-05:00,13.222870894544185,13.537233352661135,13.222870894544185,13.537233352661133,576400,0.0,0.0
1998-12-21 00:00:00-05:00,13.458645523458287,13.576531469649163,13.39970255036285,13.556883811950684,184300,0.0,0.0
1998-12-22 00:00:00-05:00,13.537232835912494,13.556880488794805,13.301461001324759,13.380051612854004,275500,0.0,0.0
1998-12-23 00:00:00-05:00,13.34075630708938,13.438994571500938,13.281813348442448,13.380051612854004,158900,0.0,0.0
1998-12-24 00:00:00-05:00,13.321113648407568,13.360408968904347,13.281818327910791,13.30146598815918,31000,0.0,0.0
1998-12-28 00:00:00-05:00,13.22287812556489,13.419354769332571,13.22287812556489,13.32111644744873,199500,0.0,0.0
1998-12-29 00:00:00-05:00,13.321111561270321,13.399702189950382,13.262168589760275,13.360406875610352,362000,0.0,0.0
1998-12-30 00:00:00-05:00,13.399707104955803,13.399707104955803,13.22287812556489,13.32111644744873,160200,0.0,0.0
1998-12-31 00:00:00-05:00,13.34075999085411,13.419350624084473,13.242521699316155,13.419350624084473,120400,0.0,0.0
1999-01-04 00:00:00-05:00,13.380055307469291,13.497941257314835,13.301464674238929,13.419350624084473,323200,0.0,0.0
1999-01-05 00:00:00-05:00,13.399704289401123,13.419351949649512,13.262170667662403,13.30146598815918,105300,0.0,0.0
1999-01-06 00:00:00-05:00,13.340761370912812,13.340761370912812,13.18358008819219,13.281818389892578,126800,0.0,0.0
1999-01-07 00:00:00-05:00,13.163930892944338,13.242521525141019,13.085340260747655,13.163930892944336,125600,0.0,0.0
1999-01-08 00:00:00-05:00,13.144281674580402,13.144281674580402,12.849566838827478,13.046043395996094,219500,0.0,0.0
1999-01-11 00:00:00-05:00,12.967455526498647,13.065693825941818,12.594149988614594,12.770978927612305,260400,0.0,0.0
1999-01-12 00:00:00-05:00,12.7316796388962,12.88886086900603,12.7316796388962,12.829917907714844,337600,0.0,0.0
1999-01-13 00:00:00-05:00,12.790630273292402,12.908516266594637,12.69239194554054,12.810277938842773,199800,0.0,0.0
1999-01-14 00:00:00-05:00,12.731686925813904,12.731686925813904,12.574505605742129,12.633448600769043,202800,0.0,0.0
1999-01-15 00:00:00-05:00,12.672736004546836,12.73167896270752,12.653088351826609,12.73167896270752,189000,0.0,0.0
1999-01-19 00:00:00-05:00,12.554847616115339,12.59414291381836,12.515552318412318,12.59414291381836,260200,0.0,0.0
1999-01-20 00:00:00-05:00,12.574504417709157,12.574504417709157,12.378027786182452,12.417323112487793,319900,0.0,0.0
1999-01-21 00:00:00-05:00,12.378025823294834,12.49591178351669,12.358378163257857,12.436968803405762,229500,0.0,0.0
1999-01-22 00:00:00-05:00,12.397672234657788,12.535205841064453,12.397672234657788,12.535205841064453,228700,0.0,0.0
1999-01-25 00:00:00-05:00,12.574505605742129,12.672743930786988,12.535210275724184,12.633448600769043,347800,0.0,0.0
1999-01-26 00:00:00-05:00,12.672738660977581,12.751329288332482,12.417319122074158,12.476262092590332,462600,0.0,0.0
1999-01-27 00:00:00-05:00,12.55485805712248,12.55485805712248,12.299438409637986,12.319086074829102,182400,0.0,0.0
1999-01-28 00:00:00-05:00,12.358378163257857,12.515559443553665,12.319082843183907,12.436968803405762,326900,0.0,0.0
1999-01-29 00:00:00-05:00,12.476267328687534,12.476267328687534,12.181552352419324,12.338733673095703,343000,0.0,0.0
1999-02-01 00:00:00-05:00,12.260134217797257,12.260134217797257,12.00471475492648,12.083305358886719,367600,0.0,0.0
1999-02-02 00:00:00-05:00,12.024360606954303,12.10295119915662,11.945770014751988,12.044008255004883,234800,0.0,0.0
1999-02-03 00:00:00-05:00,12.06365590305546,12.06365590305546,11.926122366701408,12.044008255004883,202900,0.0,0.0
1999-02-04 00:00:00-05:00,12.044012755205152,12.044012755205152,11.710002613543672,11.80824089050293,241100,0.0,0.0
1999-02-05 00:00:00-05:00,11.808245593923271,11.867188583576798,11.768950267487586,11.827893257141113,221500,0.0,0.0
1999-02-08 00:00:00-05:00,11.906483910012483,11.945779236448168,11.749302604269744,11.827893257141113,300200,0.0,0.0
1999-02-09 00:00:00-05:00,11.867188714345296,11.90648404121399,11.768950397173564,11.78859806060791,194900,0.0,0.0
1999-02-10 00:00:00-05:00,11.867183856678485,11.926126822854041,11.729650268935524,11.80824089050293,147200,0.0,0.0
1999-02-11 00:00:00-05:00,11.729646682739258,11.788589630893727,11.631408435815144,11.729646682739258,91100,0.0,0.0
1999-02-12 00:00:00-05:00,11.768954254254545,11.768954254254545,11.474239206151344,11.513534545898438,232500,0.0,0.0
1999-02-16 00:00:00-05:00,11.552818986657899,11.76894315137429,11.552818986657899,11.651057243347168,172600,0.0,0.0
1999-02-17 00:00:00-05:00,11.670707302759968,11.985069789029597,11.631411991976265,11.80824089050293,214100,0.0,0.0
1999-02-18 00:00:00-05:00,11.808238245025883,12.1422483118569,11.788590594035824,12.083305358886719,324000,0.0,0.0
1999-02-19 00:00:00-05:00,12.04401755253738,12.063665215755222,11.808245593923271,11.827893257141113,330800,0.0,0.0
1999-02-22 00:00:00-05:00,11.788595845876646,11.945777123821669,11.788595845876646,11.886834144592285,273600,0.0,0.0
1999-02-23 00:00:00-05:00,11.827889325602955,11.86718463897705,11.729651042167715,11.86718463897705,295600,0.0,0.0
1999-02-24 00:00:00-05:00,11.926123176587486,11.985066124741955,11.709999033354435,11.729646682739258,278800,0.0,0.0
1999-02-25 00:00:00-05:00,11.690352546022874,11.788590802712141,11.552818986657899,11.651057243347168,214800,0.0,0.0
1999-02-26 00:00:00-05:00,11.670703734584789,11.768941981508904,11.572465487660676,11.729646682739258,294300,0.0,0.0
1999-03-01 00:00:00-05:00,11.690351383969613,11.768941981508904,11.631408435815144,11.729646682739258,233100,0.0,0.0
1999-03-02 00:00:00-05:00,11.749302604269744,11.96542689966601,11.670711951398376,11.827893257141113,276700,0.0,0.0
1999-03-03 00:00:00-05:00,11.808238504753739,12.063657973242588,11.7689432019093,11.985067367553711,238300,0.0,0.0
1999-03-04 00:00:00-05:00,11.965426751600521,12.279789359195938,11.906483762676382,12.161903381347656,452600,0.0,0.0
1999-03-05 00:00:00-05:00,12.240495414064641,12.456619731166906,12.240495414064641,12.319086074829102,394400,0.0,0.0
1999-03-08 00:00:00-05:00,12.22242546081543,12.22242546081543,12.002741343055675,12.22242546081543,316000,0.635,0.0
1999-03-09 00:00:00-05:00,12.182477951049805,12.202449226379395,11.882908821105957,11.982765197753906,242600,0.0,0.0
1999-03-10 00:00:00-05:00,11.942821493036229,12.022706586635133,11.803022579238146,11.842965126037598,258300,0.0,0.0
1999-03-11 00:00:00-05:00,11.882913722548375,12.062655274654148,11.842971155413759,12.022712707519531,240300,0.0,0.0
1999-03-12 00:00:00-05:00,12.022699277909075,12.202440629239941,12.00272801665009,12.182469367980957,170200,0.0,0.0
1999-03-15 00:00:00-05:00,12.102588618654579,12.122559887002193,11.962789740221275,12.002732276916504,246400,0.0,0.0
1999-03-16 00:00:00-05:00,11.942826241007689,12.102596491723512,11.882912396989257,12.042682647705078,123800,0.0,0.0
1999-03-17 00:00:00-05:00,11.962797522347167,12.042682647705078,11.922854959668213,12.042682647705078,126700,0.0,0.0
1999-03-18 00:00:00-05:00,11.982764634005543,12.182477377905634,11.962793359615533,12.162506103515625,170900,0.0,0.0
1999-03-19 00:00:00-05:00,12.162506675720216,12.162506675720216,11.922851371765137,11.982765197753906,293200,0.0,0.0
1999-03-22 00:00:00-05:00,11.962798856817608,12.022712707519531,11.902885006115683,12.022712707519531,82300,0.0,0.0
1999-03-23 00:00:00-05:00,11.982764039835681,12.022706586635133,11.803022579238146,11.842965126037598,226700,0.0,0.0
1999-03-24 00:00:00-05:00,11.862936987665487,12.182477377905634,11.78305189010545,12.162506103515625,389700,0.0,0.0
1999-03-25 00:00:00-05:00,12.122562787713782,12.122562787713782,12.002735148955493,12.102591514587402,100700,0.0,0.0
1999-03-26 00:00:00-05:00,12.062646837186733,12.102589376382717,11.942819219598785,11.962790489196777,317800,0.0,0.0
1999-03-29 00:00:00-05:00,11.96279086556323,12.022704676242178,11.902877054884282,11.942819595336914,179000,0.0,0.0
1999-03-30 00:00:00-05:00,12.002736473083496,12.002736473083496,11.683196067810059,11.683196067810059,353700,0.0,0.0
1999-03-31 00:00:00-05:00,11.842966661140297,11.842966661140297,11.563368797302246,11.563368797302246,174300,0.0,0.0
1999-04-01 00:00:00-05:00,11.583345920966348,11.783058781672663,11.443546918471926,11.703173637390137,357900,0.0,0.0
1999-04-05 00:00:00-04:00,11.70316658793269,11.822994232177734,11.70316658793269,11.822994232177734,229900,0.0,0.0
1999-04-06 00:00:00-04:00,11.82299752161548,11.82299752161548,11.543399607252951,11.603313446044922,170800,0.0,0.0
1999-04-07 00:00:00-04:00,11.583343327664174,11.683199735661278,11.443544356468227,11.543400764465332,272100,0.0,0.0
1999-04-08 00:00:00-04:00,11.523427173115806,11.78305378186885,11.523427173115806,11.763082504272461,251500,0.0,0.0
1999-04-09 00:00:00-04:00,11.703169844031539,11.743112403226187,11.543399607252951,11.603313446044922,150200,0.0,0.0
1999-04-12 00:00:00-04:00,11.683198158745059,11.743111995456573,11.603313043129708,11.723140716552734,130500,0.0,0.0
1999-04-13 00:00:00-04:00,11.643249886961737,11.683192425167439,11.563364810550336,11.623278617858887,126200,0.0,0.0
1999-04-14 00:00:00-04:00,11.623282625267542,11.643253901255974,11.523426245325382,11.563368797302246,228500,0.0,0.0
1999-04-15 00:00:00-04:00,11.62328894056123,11.663231514240133,11.563375080042873,11.583346366882324,281600,0.0,0.0
1999-04-16 00:00:00-04:00,11.64325580205003,11.703169639796428,11.563370685054831,11.663227081298828,291800,0.0,0.0
1999-04-19 00:00:00-04:00,11.703164352621123,11.982762135789546,11.703164352621123,11.942819595336914,352600,0.0,0.0
1999-04-20 00:00:00-04:00,11.982767790266612,12.3821933832755,11.942825230965722,12.34225082397461,403000,0.0,0.0
1999-04-21 00:00:00-04:00,12.362216396852252,12.44210147857666,12.262360044696742,12.44210147857666,538500,0.0,0.0
1999-04-22 00:00:00-04:00,12.442107038064435,12.442107038064435,12.222422965161211,12.302308082580566,303400,0.0,0.0
1999-04-23 00:00:00-04:00,12.302301577992775,12.34224411558366,12.20244523401556,12.242387771606445,148400,0.0,0.0
1999-04-26 00:00:00-04:00,12.242387771606447,12.34224411558366,12.182473965220117,12.242387771606445,147300,0.0,0.0
1999-04-27 00:00:00-04:00,12.28233106397763,12.322273604023085,12.202445983886719,12.202445983886719,209600,0.0,0.0
1999-04-28 00:00:00-04:00,12.182472645265658,12.362214044949907,12.142530112002493,12.262357711791992,367900,0.0,0.0
1999-04-29 00:00:00-04:00,12.282336219664542,12.46207772531817,12.262364941258584,12.382192611694336,359700,0.0,0.0
1999-04-30 00:00:00-04:00,12.442105874106264,12.442105874106264,12.302306931700576,12.362220764160156,478300,0.0,0.0
1999-05-03 00:00:00-04:00,12.322279680342902,12.621848878406343,12.302308400472006,12.58190631866455,268200,0.0,0.0
1999-05-04 00:00:00-04:00,12.581906912806698,12.581906912806698,12.462079227922825,12.502021789550781,144600,0.0,0.0
1999-05-05 00:00:00-04:00,12.462075993984561,12.621846199035645,12.422133442721789,12.621846199035645,264700,0.0,0.0
1999-05-06 00:00:00-04:00,12.502021403213817,12.5619352438043,12.462078842820162,12.521992683410645,175600,0.0,0.0
1999-05-07 00:00:00-04:00,12.541964530944824,12.601878374245516,12.422136844343441,12.541964530944824,226800,0.0,0.0
1999-05-10 00:00:00-04:00,12.482048592363409,12.721703925336787,12.442106036867846,12.601876258850098,104600,0.0,0.0
1999-05-11 00:00:00-04:00,12.521986209341755,12.641813828569905,12.44210112985632,12.561928749084473,144000,0.0,0.0
1999-05-12 00:00:00-04:00,12.561935038793656,12.601877598535447,12.462078639439175,12.58190631866455,186500,0.0,0.0
1999-05-13 00:00:00-04:00,12.581899132527097,12.761640548706055,12.541956595598439,12.761640548706055,148900,0.0,0.0
1999-05-14 00:00:00-04:00,12.701734779746669,12.701734779746669,12.462079406543902,12.541964530944824,182100,0.0,0.0
1999-05-17 00:00:00-04:00,12.561932182312013,12.741673660278321,12.502018356323243,12.68175983428955,117800,0.0,0.0
1999-05-18 00:00:00-04:00,12.681760025929801,12.721702577192572,12.541961096510102,12.621846199035645,161700,0.0,0.0
1999-05-19 00:00:00-04:00,12.681757172385415,12.761642256935875,12.661785901247802,12.721699714660645,118100,0.0,0.0
1999-05-20 00:00:00-04:00,12.701733771536418,12.7616476100814,12.621848653476441,12.741676330566406,432500,0.0,0.0
1999-05-21 00:00:00-04:00,12.681758136392753,12.88147086295012,12.681758136392753,12.82155704498291,290000,0.0,0.0
1999-05-24 00:00:00-04:00,12.801589000335788,13.021273054943734,12.801589000335788,12.901445388793945,257800,0.0,0.0
1999-05-25 00:00:00-04:00,12.901438752627042,13.081180159397388,12.901438752627042,13.00129508972168,178400,0.0,0.0
1999-05-26 00:00:00-04:00,13.00129508972168,13.041237624559534,12.881467485208114,13.00129508972168,157200,0.0,0.0
1999-05-27 00:00:00-04:00,13.041249946037434,13.041249946037434,12.781623224293963,12.8615083694458,284700,0.0,0.0
1999-05-28 00:00:00-04:00,12.841526292116587,13.081181526184082,12.801583753105339,13.081181526184082,199200,0.0,0.0
1999-06-01 00:00:00-04:00,13.021271514892579,13.021271514892579,12.80158748626709,12.88147258758545,192300,0.0,0.0
1999-06-02 00:00:00-04:00,12.881472587585451,12.92141513824463,12.84153003692627,12.88147258758545,300100,0.0,0.0
1999-06-03 00:00:00-04:00,12.92141209119632,12.941383361816406,12.841527008715971,12.941383361816406,269200,0.0,0.0
1999-06-04 00:00:00-04:00,12.901440820576232,12.941383361816406,12.861498279336057,12.941383361816406,294600,0.0,0.0
1999-06-07 00:00:00-04:00,12.843185650948987,13.025790186270537,12.822896258135481,13.005500793457031,341800,0.635,0.0
1999-06-08 00:00:00-04:00,12.904050827026367,12.964918991304792,12.84318266274794,12.904050827026367,243400,0.0,0.0
1999-06-09 00:00:00-04:00,12.863477730938769,12.904056525042677,12.762030745678999,12.883767127990723,139000,0.0,0.0
1999-06-10 00:00:00-04:00,12.883769709514919,12.904059110632266,12.59971809387207,12.59971809387207,197800,0.0,0.0
1999-06-11 00:00:00-04:00,12.599708662583277,12.660576820373535,12.53884050479302,12.660576820373535,238700,0.0,0.0
1999-06-14 00:00:00-04:00,12.721452781132289,12.822899773007348,12.680873984382266,12.782320976257324,176300,0.0,0.0
1999-06-15 00:00:00-04:00,12.721446334191088,13.00549776749041,12.721446334191088,12.904050827026367,177100,0.0,0.0
1999-06-16 00:00:00-04:00,12.904052912631881,13.106946826352509,12.843184738515694,13.025789260864258,170800,0.0,0.0
1999-06-17 00:00:00-04:00,13.025792907354399,13.066371701458307,12.762030745678999,12.883767127990723,162300,0.0,0.0
1999-06-18 00:00:00-04:00,12.883767127990723,12.904056525042677,12.802609539782907,12.883767127990723,313000,0.0,0.0
1999-06-21 00:00:00-04:00,12.86347751190868,12.883766908615161,12.660583544843876,12.701162338256836,325400,0.0,0.0
1999-06-22 00:00:00-04:00,12.680875934884071,12.883769949842216,12.640297131892442,12.843191146850586,228300,0.0,0.0
1999-06-23 00:00:00-04:00,12.883767055559762,12.883767055559762,12.701162483118758,12.822898864746094,181000,0.0,0.0
1999-06-24 00:00:00-04:00,12.822892154264375,12.88376031322449,12.782313381624299,12.802602767944336,290700,0.0,0.0
1999-06-25 00:00:00-04:00,12.843191146850586,12.90405935133803,12.782322942363143,12.843191146850586,348200,0.0,0.0
1999-06-28 00:00:00-04:00,12.883764323858863,12.964921894402856,12.843185538586866,12.92434310913086,362700,0.0,0.0
1999-06-29 00:00:00-04:00,12.84318917138236,12.86347856975737,12.721452781132289,12.782320976257324,199900,0.0,0.0
1999-06-30 00:00:00-04:00,12.78231766790831,12.802607061031974,12.457687377929686,12.457687377929688,319900,0.0,0.0
1999-07-01 00:00:00-04:00,12.579416394425051,12.721442063394367,12.457680106737067,12.640284538269043,226700,0.0,0.0
1999-07-02 00:00:00-04:00,12.640284538269043,12.660573919550375,12.559127013143721,12.640284538269043,193000,0.0,0.0
1999-07-06 00:00:00-04:00,12.640287434443449,12.741734364093878,12.579419276653192,12.660576820373535,245600,0.0,0.0
1999-07-07 00:00:00-04:00,12.660576820373535,12.741734364093878,12.53884050479302,12.660576820373535,191800,0.0,0.0
1999-07-08 00:00:00-04:00,12.640296896106763,12.660586297224109,12.579428692754725,12.59971809387207,222700,0.0,0.0
1999-07-09 00:00:00-04:00,12.680866206303621,12.680866206303621,12.579419276653192,12.660576820373535,169000,0.0,0.0
1999-07-12 00:00:00-04:00,12.66058051816879,12.66058051816879,12.53884416703255,12.579422950744629,117600,0.0,0.0
1999-07-13 00:00:00-04:00,12.538846197509764,12.701161358642578,12.538846197509764,12.680871963500977,177500,0.0,0.0
1999-07-14 00:00:00-04:00,12.721442063394367,12.721442063394367,12.518548250581059,12.640284538269043,107100,0.0,0.0
1999-07-15 00:00:00-04:00,12.680871963500977,12.762029544067383,12.660582568359375,12.680871963500977,93100,0.0,0.0
1999-07-16 00:00:00-04:00,12.701169918587738,12.701169918587738,12.51856523924702,12.620012283325195,119900,0.0,0.0
1999-07-19 00:00:00-04:00,12.55913355888859,12.640291126312748,12.49826538332047,12.579422950744629,222100,0.0,0.0
1999-07-20 00:00:00-04:00,12.579427868175355,12.82290066562391,12.559138468387976,12.721453666687012,200300,0.0,0.0
1999-07-21 00:00:00-04:00,12.660584586007255,12.782320976257324,12.660584586007255,12.782320976257324,153000,0.0,0.0
1999-07-22 00:00:00-04:00,12.721452781132289,12.802610374632335,12.701163382757278,12.782320976257324,157100,0.0,0.0
1999-07-23 00:00:00-04:00,12.741742179507302,12.802610374632335,12.741742179507302,12.782320976257324,167800,0.0,0.0
1999-07-26 00:00:00-04:00,12.782322942363143,12.94463815432966,12.782322942363143,12.843191146850586,117700,0.0,0.0
1999-07-27 00:00:00-04:00,12.944629603211984,12.944629603211984,12.782314498469514,12.904050827026367,266000,0.0,0.0
1999-07-28 00:00:00-04:00,12.822899773007348,12.883767968132382,12.762031577882313,12.782320976257324,212600,0.0,0.0
1999-07-29 00:00:00-04:00,12.741731444675697,12.782310207238359,12.599705775706383,12.640284538269043,404800,0.0,0.0
1999-07-30 00:00:00-04:00,12.640292304336644,12.741739273071289,12.640292304336644,12.741739273071289,186400,0.0,0.0
1999-08-02 00:00:00-04:00,12.782320976257324,12.86347856975737,12.660584586007255,12.782320976257324,167600,0.0,0.0
1999-08-03 00:00:00-04:00,12.782314432908308,12.924340148829511,12.782314432908308,12.863471984863281,216300,0.0,0.0
1999-08-04 00:00:00-04:00,12.843188261683983,12.924345849435541,12.802609467808205,12.822898864746094,259100,0.0,0.0
1999-08-05 00:00:00-04:00,12.883769949842216,12.883769949842216,12.782322942363143,12.843191146850586,352900,0.0,0.0
1999-08-06 00:00:00-04:00,12.86347946519867,12.86347946519867,12.599717267962735,12.721453666687012,421500,0.0,0.0
1999-08-09 00:00:00-04:00,12.721453709139922,12.802611308560271,12.721453709139922,12.762032508850098,388100,0.0,0.0
1999-08-10 00:00:00-04:00,12.721450753784179,12.762029544067383,12.59971438293457,12.680871963500977,270300,0.0,0.0
1999-08-11 00:00:00-04:00,12.640296896106763,12.701165099458802,12.559139291637377,12.59971809387207,239700,0.0,0.0
1999-08-12 00:00:00-04:00,12.620006496571184,12.660585295595528,12.538848898522495,12.559138298034668,153900,0.0,0.0
1999-08-13 00:00:00-04:00,12.620001734456709,12.620001734456709,12.518554775176511,12.579422950744629,184800,0.0,0.0
1999-08-16 00:00:00-04:00,12.55914405687829,12.64030169214083,12.538854648062655,12.620012283325195,253400,0.0,0.0
1999-08-17 00:00:00-04:00,12.660583544843876,12.701162338256836,12.620004751430914,12.701162338256836,235500,0.0,0.0
1999-08-18 00:00:00-04:00,12.640287434443449,12.680866206303621,12.53884050479302,12.660576820373535,148600,0.0,0.0
1999-08-19 00:00:00-04:00,12.59971549842931,12.822898864746094,12.538847307615642,12.822898864746094,308000,0.0,0.0
1999-08-20 00:00:00-04:00,12.822897118834492,12.985212272237462,12.802607724659122,12.944633483886719,183100,0.0,0.0
1999-08-23 00:00:00-04:00,12.843185538586866,12.985211287038855,12.843185538586866,12.92434310913086,213200,0.0,0.0
1999-08-24 00:00:00-04:00,12.883766300976276,13.005502675473691,12.863476905226708,12.985213279724121,181000,0.0,0.0
1999-08-25 00:00:00-04:00,12.944632892051967,13.228684397520192,12.944632892051967,13.208395004272461,180500,0.0,0.0
1999-08-26 00:00:00-04:00,13.188102689840026,13.228681467347226,13.127234523579224,13.167813301086426,221800,0.0,0.0
1999-08-27 00:00:00-04:00,13.086662336700298,13.208398730530067,13.086662336700298,13.127241134643555,176500,0.0,0.0
1999-08-30 00:00:00-04:00,12.985212272237462,13.14752742564043,12.924344089711347,12.944633483886719,202000,0.0,0.0
1999-08-31 00:00:00-04:00,12.944632615016515,13.086658364711054,12.92434322220301,13.005500793457031,151600,0.0,0.0
1999-09-01 00:00:00-04:00,12.924342304003945,13.046078652236321,12.924342304003945,13.025789260864258,184200,0.0,0.0
1999-09-02 00:00:00-04:00,12.985210478120132,13.046078652236321,12.82289534714363,13.025789260864258,2067800,0.0,0.0
1999-09-03 00:00:00-04:00,13.090935965841132,13.358939379315045,13.090935965841132,13.29709243774414,266700,0.635,0.0
1999-09-07 00:00:00-04:00,13.27647466087943,13.27647466087943,13.02908693427919,13.070318222045898,157300,0.0,0.0
1999-09-08 00:00:00-04:00,12.987860828448252,13.029092132665548,12.926013872122308,12.946629524230957,254800,0.0,0.0
1999-09-09 00:00:00-04:00,12.905400198612488,12.926015853881838,12.88478454334314,12.926015853881836,182800,0.0,0.0
1999-09-10 00:00:00-04:00,12.987861482402947,13.090939748136302,12.967245829256274,13.029092788696289,145900,0.0,0.0
1999-09-13 00:00:00-04:00,12.967245176339604,12.967245176339604,12.884782567905011,12.946629524230957,86100,0.0,0.0
1999-09-14 00:00:00-04:00,13.029091542643489,13.029091542643489,12.84355068206787,12.843550682067871,83900,0.0,0.0
1999-09-15 00:00:00-04:00,12.905396749735644,12.987859348775489,12.8229341506958,12.8229341506958,85900,0.0,0.0
1999-09-16 00:00:00-04:00,12.74047198543301,12.802318936818606,12.658009383585547,12.699240684509277,79500,0.0,0.0
1999-09-17 00:00:00-04:00,12.65800808094166,12.80231761932373,12.65800808094166,12.80231761932373,139800,0.0,0.0
1999-09-20 00:00:00-04:00,12.781701507319845,12.781701507319845,12.658007621765137,12.658007621765137,107300,0.0,0.0
1999-09-21 00:00:00-04:00,12.575540668086001,12.658003229843942,12.49307810632806,12.534309387207031,173700,0.0,0.0
1999-09-22 00:00:00-04:00,12.575546121285631,12.637393069423101,12.493083523769004,12.616777420043945,200600,0.0,0.0
1999-09-23 00:00:00-04:00,12.575544704090465,12.637391645258123,12.45185082175515,12.472466468811035,147300,0.0,0.0
1999-09-24 00:00:00-04:00,12.39000142755015,12.431232713498735,12.307538855652977,12.348770141601562,254400,0.0,0.0
1999-09-27 00:00:00-04:00,12.390001362164815,12.513695219357809,12.369385719299316,12.369385719299316,189800,0.0,0.0
1999-09-28 00:00:00-04:00,12.28692839881421,12.410622308869385,12.163234488759032,12.225081443786621,291600,0.0,0.0
1999-09-29 00:00:00-04:00,12.245697824746971,12.348776089265042,12.204466518939741,12.2869291305542,272700,0.0,0.0
1999-09-30 00:00:00-04:00,12.34877258647572,12.472466468811035,12.307541292363947,12.472466468811035,238800,0.0,0.0
1999-10-01 00:00:00-04:00,12.513698088617977,12.658007621765137,12.390004203063269,12.658007621765137,325600,0.0,0.0
1999-10-04 00:00:00-04:00,12.575547216791975,13.152785449693901,12.575547216791975,12.843550682067871,665400,0.0,0.0
1999-10-05 00:00:00-04:00,12.843544514973958,12.86416015625,12.616772460937499,12.678619384765625,234900,0.0,0.0
1999-10-06 00:00:00-04:00,12.637391974172685,12.699238916950039,12.55492938380288,12.658007621765137,138300,0.0,0.0
1999-10-07 00:00:00-04:00,12.59616035114635,12.678622939369895,12.431235174699264,12.472466468811035,172600,0.0,0.0
1999-10-08 00:00:00-04:00,12.45184386831815,12.616768952666735,12.410612597231005,12.57553768157959,232600,0.0,0.0
1999-10-11 00:00:00-04:00,12.513694383627595,12.554925666604952,12.24569104427478,12.328153610229492,91700,0.0,0.0
1999-10-12 00:00:00-04:00,12.307544783457814,12.328160436361427,12.142619560228898,12.2869291305542,124700,0.0,0.0
1999-10-13 00:00:00-04:00,12.266311645507812,12.32815859498096,12.225080345859046,12.266311645507812,97100,0.0,0.0
1999-10-14 00:00:00-04:00,12.225075402786102,12.328153610229492,12.204459761297423,12.328153610229492,818400,0.0,0.0
1999-10-15 00:00:00-04:00,12.328158357408311,12.328158357408311,12.060154914855957,12.060154914855957,229400,0.0,0.0
1999-10-18 00:00:00-04:00,12.122000555264748,12.183847496873241,12.060153613656254,12.16323184967041,404600,0.0,0.0
1999-10-19 00:00:00-04:00,12.183847918902359,12.183847918902359,11.998307087650039,12.039538383483887,349100,0.0,0.0
1999-10-20 00:00:00-04:00,12.039539409133624,12.060155058806798,11.91584551109458,12.01892375946045,143300,0.0,0.0
1999-10-21 00:00:00-04:00,11.936460424291676,11.977691721094066,11.874613479088094,11.957076072692871,216200,0.0,0.0
1999-10-22 00:00:00-04:00,12.03953866629765,12.101385611501234,11.915844775890482,11.957076072692871,386600,0.0,0.0
1999-10-25 00:00:00-04:00,11.874610703226198,12.060151495464108,11.853995059644209,11.936457633972168,226400,0.0,0.0
1999-10-26 00:00:00-04:00,11.936459062856212,12.183846815454269,11.936459062856212,12.080768585205078,493600,0.0,0.0
1999-10-27 00:00:00-04:00,12.12199800491333,12.431232647895813,12.101382362047831,12.369385719299316,188200,0.0,0.0
1999-10-28 00:00:00-04:00,12.431231185009604,12.596156308525487,12.410615544570119,12.534309387207031,150900,0.0,0.0
1999-10-29 00:00:00-04:00,12.534313409978694,12.616775998202238,12.410619527643377,12.472466468811035,221300,0.0,0.0
1999-11-01 00:00:00-05:00,12.493083953857422,12.575546554212917,12.472468303768549,12.493083953857422,146000,0.0,0.0
1999-11-02 00:00:00-05:00,12.51370033802853,12.699241199712644,12.493084686730295,12.554931640625,178600,0.0,0.0
1999-11-03 00:00:00-05:00,12.596163315488802,12.596163315488802,12.34877549259868,12.45185375213623,192500,0.0,0.0
1999-11-04 00:00:00-05:00,12.493078742138918,12.534310025116273,12.286922327252137,12.328153610229492,102200,0.0,0.0
1999-11-05 00:00:00-05:00,12.47246393362681,12.534310862223307,12.369385719299316,12.369385719299316,148400,0.0,0.0
1999-11-08 00:00:00-05:00,12.431231882104921,12.431231882104921,12.266306749340677,12.307538032531738,87800,0.0,0.0
1999-11-09 00:00:00-05:00,12.307544050490073,12.307544050490073,12.183850140434895,12.225081443786621,206300,0.0,0.0
1999-11-10 00:00:00-05:00,12.225075980803355,12.225075980803355,12.08076648355947,12.142613410949707,156100,0.0,0.0
1999-11-11 00:00:00-05:00,12.121996879577638,12.163228161480962,12.018918674819325,12.121996879577637,204500,0.0,0.0
1999-11-12 00:00:00-05:00,12.163229053413119,12.286922908193592,12.121997768486295,12.142613410949707,243300,0.0,0.0
1999-11-15 00:00:00-05:00,12.039539409133624,12.12200200782632,11.957076810440928,12.01892375946045,114200,0.0,0.0
1999-11-16 00:00:00-05:00,12.018921647055564,12.121999877304754,11.977690354955888,12.080768585205078,158100,0.0,0.0
1999-11-17 00:00:00-05:00,12.101382583277331,12.142613869762092,11.936457437338287,11.99830436706543,193000,0.0,0.0
1999-11-18 00:00:00-05:00,11.91584449598234,12.101385327234661,11.91584449598234,12.039538383483887,375100,0.0,0.0
1999-11-19 00:00:00-05:00,12.018916729233027,12.039532366847492,11.792144715473913,11.812760353088379,333600,0.0,0.0
1999-11-22 00:00:00-05:00,11.812767757192175,11.812767757192175,11.56537995075883,11.606611251831055,294100,0.0,0.0
1999-11-23 00:00:00-05:00,11.606605323819197,11.606605323819197,11.317986363724227,11.359217643737793,479900,0.0,0.0
1999-11-24 00:00:00-05:00,11.3386069056332,11.3386069056332,11.256144309955868,11.317991256713867,447300,0.0,0.0
1999-11-26 00:00:00-05:00,11.317990512638302,11.317990512638302,11.235527922382284,11.256143569946289,104800,0.0,0.0
1999-11-29 00:00:00-05:00,11.214913128913565,11.214913128913565,10.885062742769048,11.008756637573242,393000,0.0,0.0
1999-11-30 00:00:00-05:00,11.0499837854709,11.441680971896174,11.008752502689292,11.421065330505371,1046600,0.0,0.0
1999-12-01 00:00:00-05:00,11.421069501310534,11.503532096987866,11.276759958875202,11.317991256713867,567800,0.0,0.0
1999-12-02 00:00:00-05:00,11.338611602783203,11.35922726024281,11.276764630404386,11.338611602783203,583200,0.0,0.0
1999-12-03 00:00:00-05:00,11.42106832974199,11.441683976546578,11.338605742523635,11.379837036132812,1501800,0.0,0.0
1999-12-06 00:00:00-05:00,11.46720838546753,11.488210598627727,11.25718625386556,11.341195106506348,612800,0.635,0.0
1999-12-07 00:00:00-05:00,11.320192337036133,11.404201185548459,11.215181276395723,11.320192337036133,829700,0.0,0.0
1999-12-08 00:00:00-05:00,11.27818454363109,11.299186749485152,11.173173514360782,11.194175720214844,264800,0.0,0.0
1999-12-09 00:00:00-05:00,11.194178651679646,11.194178651679646,11.026160960847681,11.089167594909668,459000,0.0,0.0
1999-12-10 00:00:00-05:00,11.089166306357347,11.131170724184459,10.900146426135347,11.005157470703125,467900,0.0,0.0
1999-12-13 00:00:00-05:00,11.026159738529625,11.026159738529625,10.816137648271917,10.900146484375,444500,0.0,0.0
1999-12-14 00:00:00-05:00,10.900147995581994,11.005159055269683,10.900147995581994,10.921150207519531,375900,0.0,0.0
1999-12-15 00:00:00-05:00,10.921148635048903,11.026159679616681,10.83713979939468,11.005157470703125,274100,0.0,0.0
1999-12-16 00:00:00-05:00,11.005161786171461,11.026164003320643,10.879148483276367,10.879148483276367,385900,0.0,0.0
1999-12-17 00:00:00-05:00,10.921152917574732,10.921152917574732,10.753135180381275,10.879148483276367,525500,0.0,0.0
1999-12-20 00:00:00-05:00,10.858139401390439,11.047159236230891,10.753128382034632,10.915895462036133,399800,0.0,0.0
1999-12-21 00:00:00-05:00,10.963153547610878,11.152173436362789,10.963153547610878,11.131171226501465,536100,0.0,0.0
1999-12-22 00:00:00-05:00,11.131165888449194,11.152168088238723,11.089161488870142,11.110163688659668,322000,0.0,0.0
1999-12-23 00:00:00-05:00,11.110169016640143,11.152173436362789,11.089166806778818,11.131171226501465,288500,0.0,0.0
1999-12-27 00:00:00-05:00,11.089166806778818,11.21518006594676,11.089166806778818,11.131171226501465,216100,0.0,0.0
1999-12-28 00:00:00-05:00,11.15217399597168,11.215180628717283,11.11016957414128,11.15217399597168,759900,0.0,0.0
1999-12-29 00:00:00-05:00,11.110163888097263,11.152168288430333,10.942146286764979,11.047157287597656,336000,0.0,0.0
1999-12-30 00:00:00-05:00,11.06816848936535,11.089170706612723,10.98415962037586,11.026164054870605,447100,0.0,0.0
1999-12-31 00:00:00-05:00,11.047161888530237,11.068164097443793,10.942150843962459,11.005157470703125,162100,0.0,0.0
2000-01-03 00:00:00-05:00,10.942152656023923,10.963154868415524,10.606117257758314,10.85814380645752,700800,0.0,0.0
2000-01-04 00:00:00-05:00,10.85814380645752,10.921150443632323,10.816139381674319,10.85814380645752,455600,0.0,0.0
2000-01-05 00:00:00-05:00,10.858142597049309,11.278186798095703,10.858142597049309,11.278186798095703,1293200,0.0,0.0
2000-01-06 00:00:00-05:00,11.278183760598441,11.320188169390242,11.173172738618941,11.23617935180664,320400,0.0,0.0
2000-01-07 00:00:00-05:00,11.257186018520517,11.42520372028948,11.236183805799397,11.40420150756836,312700,0.0,0.0
2000-01-10 00:00:00-05:00,11.404201185548459,11.509212246188868,11.29919012490805,11.320192337036133,483300,0.0,0.0
2000-01-11 00:00:00-05:00,11.299186706542969,11.320188912317212,11.23618008922024,11.299186706542969,479200,0.0,0.0
2000-01-12 00:00:00-05:00,11.34119090223048,11.383195312979481,11.194175464608973,11.36219310760498,240400,0.0,0.0
2000-01-13 00:00:00-05:00,11.341194869405,11.446205933010601,11.299190443962758,11.40420150756836,235100,0.0,0.0
2000-01-14 00:00:00-05:00,11.383194782577943,11.383194782577943,11.15217053422304,11.23617935180664,280900,0.0,0.0
2000-01-18 00:00:00-05:00,11.236183629506332,11.236183629506332,10.85814380645752,10.85814380645752,416000,0.0,0.0
2000-01-19 00:00:00-05:00,10.900146918026907,11.152173436362789,10.879144708165583,11.131171226501465,406200,0.0,0.0
2000-01-20 00:00:00-05:00,11.068165383555671,11.110169806263663,11.005158749493685,11.089167594909668,212300,0.0,0.0
2000-01-21 00:00:00-05:00,11.11016349147137,11.17317008972168,11.02615469380429,11.17317008972168,407000,0.0,0.0
2000-01-24 00:00:00-05:00,11.173172738618941,11.404196986973844,11.173172738618941,11.23617935180664,342400,0.0,0.0
2000-01-25 00:00:00-05:00,11.215174510561187,11.257178909477146,10.900141518691491,10.96314811706543,405900,0.0,0.0
2000-01-26 00:00:00-05:00,11.005158749493685,11.17317644032565,10.98415653813969,11.089167594909668,324600,0.0,0.0
2000-01-27 00:00:00-05:00,11.047162615144503,11.131171456324308,11.0051581945546,11.068164825439453,291100,0.0,0.0
2000-01-28 00:00:00-05:00,10.984157080807124,11.026161505590325,10.837141594065919,10.85814380645752,610400,0.0,0.0
2000-01-31 00:00:00-05:00,10.879149182515501,11.026164712008955,10.753135871521113,10.942155838012695,256700,0.0,0.0
2000-02-01 00:00:00-05:00,11.026164712008955,11.026164712008955,10.858146964016436,10.942155838012695,185200,0.0,0.0
2000-02-02 00:00:00-05:00,11.026164712008955,11.215184678500536,10.942155838012695,10.942155838012695,418500,0.0,0.0
2000-02-03 00:00:00-05:00,10.942151563669745,11.236182507799066,10.942151563669745,11.068164825439453,434400,0.0,0.0
2000-02-04 00:00:00-05:00,11.089163703694503,11.152170315647313,10.669119624009104,10.732126235961914,378700,0.0,0.0
2000-02-07 00:00:00-05:00,10.732123570179375,10.732123570179375,10.627112576342004,10.669116973876953,234900,0.0,0.0
2000-02-08 00:00:00-05:00,10.669122860478419,10.900147174386417,10.669122860478419,10.711127281188965,309900,0.0,0.0
2000-02-09 00:00:00-05:00,10.921143560126277,10.921143560126277,10.585108373660853,10.606110572814941,328900,0.0,0.0
2000-02-10 00:00:00-05:00,10.606114261121636,10.690123086952301,10.417094403002636,10.459098815917969,367100,0.0,0.0
2000-02-11 00:00:00-05:00,10.459101515431557,10.543110362945065,10.417097091674805,10.417097091674805,446200,0.0,0.0
2000-02-14 00:00:00-05:00,10.501106262207031,10.585115112304688,10.375092987060548,10.501106262207031,261500,0.0,0.0
2000-02-15 00:00:00-05:00,10.501103228833303,10.52210543529097,10.417094403002636,10.459098815917969,199700,0.0,0.0
2000-02-16 00:00:00-05:00,10.417095577355587,10.480102203831528,10.354088950879646,10.396093368530273,154000,0.0,0.0
2000-02-17 00:00:00-05:00,10.396095191846129,10.396095191846129,10.228077491775888,10.249079704284668,186900,0.0,0.0
2000-02-18 00:00:00-05:00,10.249074573359213,10.249074573359213,9.934041543440385,10.16506576538086,463200,0.0,0.0
2000-02-22 00:00:00-05:00,10.249074368016677,10.291078771164285,10.123061158573849,10.228072166442871,209700,0.0,0.0
2000-02-23 00:00:00-05:00,10.207070169370036,10.228072371364625,9.976045947429562,10.16506576538086,292300,0.0,0.0
2000-02-24 00:00:00-05:00,10.165070669991628,10.165070669991628,9.577008730405336,9.703022003173828,397900,0.0,0.0
2000-02-25 00:00:00-05:00,9.703022003173828,9.808033063814237,9.577008730405336,9.703022003173828,297400,0.0,0.0
2000-02-28 00:00:00-05:00,9.7870327955472,10.12306825633852,9.70302393034937,10.102066040039062,652300,0.0,0.0
2000-02-29 00:00:00-05:00,10.06006105542183,10.102065485715867,9.976052194833755,10.081063270568848,767000,0.0,0.0
2000-03-01 00:00:00-05:00,10.018053107342478,10.060057522886892,9.745024406303795,9.913042068481445,317700,0.0,0.0
2000-03-02 00:00:00-05:00,9.682016547761261,9.78702757322505,9.59800772739023,9.724020957946777,580800,0.0,0.0
2000-03-03 00:00:00-05:00,9.745025406047159,9.913043085461766,9.682018776266682,9.808032035827637,273600,0.0,0.0
2000-03-06 00:00:00-05:00,9.745024044603571,9.745024044603571,9.40898873272069,9.47199535369873,2242900,0.0,0.0
2000-03-07 00:00:00-05:00,9.53989037483797,9.754752770667654,9.496917895672032,9.582862854003906,294700,0.635,0.0
2000-03-08 00:00:00-05:00,9.604352033564021,9.75475575668471,9.539893295083727,9.625838279724121,489500,0.0,0.0
2000-03-09 00:00:00-05:00,9.625835461181097,9.711780420655927,9.539890501706266,9.647321701049805,379700,0.0,0.0
2000-03-10 00:00:00-05:00,9.733269583384196,9.733269583384196,9.625838351779514,9.668810844421387,216800,0.0,0.0
2000-03-13 00:00:00-05:00,9.71178333706326,9.71178333706326,9.582865859137641,9.668810844421387,252800,0.0,0.0
2000-03-14 00:00:00-05:00,9.668811626648635,9.668811626648635,9.475435394115662,9.561380386352539,299800,0.0,0.0
2000-03-15 00:00:00-05:00,9.561377392020276,10.034074701288695,9.561377392020276,9.99110221862793,446000,0.0,0.0
2000-03-16 00:00:00-05:00,10.077048165457589,10.57123176419005,10.034075678611288,10.52825927734375,483700,0.0,0.0
2000-03-17 00:00:00-05:00,10.442316874428903,10.485289371854536,10.313399382152003,10.356371879577637,806100,0.0,0.0
2000-03-20 00:00:00-05:00,10.356366248170207,10.4852836703466,10.31339377411141,10.399338722229004,448600,0.0,0.0
2000-03-21 00:00:00-05:00,10.39933980514871,10.485284762216056,10.39933980514871,10.463798522949219,508100,0.0,0.0
2000-03-22 00:00:00-05:00,10.46380312314172,10.46380312314172,10.227454387300737,10.356371879577637,646400,0.0,0.0
2000-03-23 00:00:00-05:00,10.270424086608255,10.549745243775424,10.270424086608255,10.37785530090332,321900,0.0,0.0
2000-03-24 00:00:00-05:00,10.334885829784831,10.485289573669434,10.270427082405716,10.485289573669434,338500,0.0,0.0
2000-03-27 00:00:00-05:00,10.528260414046471,10.678664134247136,10.506774168303519,10.63569164276123,229200,0.0,0.0
2000-03-28 00:00:00-05:00,10.657170687016754,10.700143149464402,10.420822143554688,10.420822143554688,353500,0.0,0.0
2000-03-29 00:00:00-05:00,10.442317174068537,10.721638415350206,10.442317174068537,10.549748420715332,369900,0.0,0.0
2000-03-30 00:00:00-05:00,10.635690494459503,10.721635468152105,10.420828060227997,10.52825927734375,453500,0.0,0.0
2000-03-31 00:00:00-05:00,10.63569164276123,10.63569164276123,10.420829185331712,10.63569164276123,320500,0.0,0.0
2000-04-03 00:00:00-04:00,10.614202667910412,10.721633869002622,10.528257707036643,10.70014762878418,496600,0.0,0.0
2000-04-04 00:00:00-04:00,10.678661921252944,11.04392802318715,10.678661921252944,10.979469299316406,640600,0.0,0.0
2000-04-05 00:00:00-04:00,10.957987194097889,11.344739683301343,10.957987194097889,11.1943359375,376900,0.0,0.0
2000-04-06 00:00:00-04:00,11.21582198652249,11.28028073357147,10.979473247342897,11.065418243408203,366700,0.0,0.0
2000-04-07 00:00:00-04:00,11.065417938081644,11.1943354286224,10.850555453847049,10.872041702270508,308300,0.0,0.0
2000-04-10 00:00:00-04:00,10.786092106157763,11.129871934242473,10.72163338839188,10.936495780944824,370900,0.0,0.0
2000-04-11 00:00:00-04:00,11.022443734109402,11.19433369487524,10.915012508630753,11.000957489013672,164700,0.0,0.0
2000-04-12 00:00:00-04:00,11.086905542027536,11.344740554632828,11.086905542027536,11.129878044128418,190400,0.0,0.0
2000-04-13 00:00:00-04:00,11.129868256418328,11.645537828144274,11.000950863486842,11.430675506591797,879500,0.0,0.0
2000-04-14 00:00:00-04:00,11.43067809565439,11.624054228851552,11.194329488413416,11.30176067352295,220800,0.0,0.0
2000-04-17 00:00:00-04:00,11.21581318503932,11.430675506591797,11.02243709564209,11.430675506591797,393700,0.0,0.0
2000-04-18 00:00:00-04:00,11.366216810126055,11.538106667368035,11.301758113660311,11.430675506591797,437900,0.0,0.0
2000-04-19 00:00:00-04:00,11.344739028642763,11.409197773123687,11.151362795199988,11.387711524963379,257900,0.0,0.0
2000-04-20 00:00:00-04:00,11.409195372099367,11.645544052124023,11.34473664118355,11.645544052124023,450500,0.0,0.0
2000-04-24 00:00:00-04:00,11.602571279290324,12.032296141486261,11.602571279290324,12.010809898376465,335900,0.0,0.0
2000-04-25 00:00:00-04:00,12.0537870211479,12.63391580826197,12.032300769773304,12.569457054138184,737000,0.0,0.0
2000-04-26 00:00:00-04:00,12.633912738006893,13.063637661068352,12.61242649185382,13.020665168762207,596800,0.0,0.0
2000-04-27 00:00:00-04:00,12.891750207683383,13.063640210452496,12.784318955952688,12.805805206298828,713100,0.0,0.0
2000-04-28 00:00:00-04:00,12.762834344243272,12.762834344243272,12.354595535252324,12.612430572509766,354700,0.0,0.0
2000-05-01 00:00:00-04:00,12.52648639678955,12.655403924029237,12.376082615009915,12.52648639678955,378500,0.0,0.0
2000-05-02 00:00:00-04:00,12.526482089332621,12.633913325090191,12.182702134908398,12.225674629211426,441400,0.0,0.0
2000-05-03 00:00:00-04:00,12.161218612805932,12.268649872636372,12.032301101009402,12.139732360839844,235300,0.0,0.0
2000-05-04 00:00:00-04:00,12.053785948917785,12.526483437110638,11.924868452137915,12.462024688720703,295200,0.0,0.0
2000-05-05 00:00:00-04:00,12.333106793148417,12.333106793148417,12.0322993103887,12.20418930053711,195400,0.0,0.0
2000-05-08 00:00:00-04:00,12.118246406886888,12.762833981721297,12.096760154392408,12.354595184326172,361600,0.0,0.0
2000-05-09 00:00:00-04:00,12.33310893183169,12.419053941809612,12.225677669359289,12.354595184326172,205600,0.0,0.0
2000-05-10 00:00:00-04:00,12.354592427250424,12.59094115194565,12.333106179550857,12.419051170349121,272000,0.0,0.0
2000-05-11 00:00:00-04:00,12.290135043123248,12.719860044631053,12.290135043123248,12.698373794555664,225400,0.0,0.0
2000-05-12 00:00:00-04:00,12.612429556887374,12.762833316509541,12.504998300014398,12.569457054138184,254900,0.0,0.0
2000-05-15 00:00:00-04:00,12.48351129380176,12.827291295008004,12.44053879365098,12.698373794555664,242700,0.0,0.0
2000-05-16 00:00:00-04:00,12.676889331824125,12.762834344243272,12.311623029042751,12.612430572509766,249400,0.0,0.0
2000-05-17 00:00:00-04:00,12.569454619759007,12.569454619759007,12.096757181067217,12.247160911560059,318800,0.0,0.0
2000-05-18 00:00:00-04:00,12.182703348751497,12.63391458389044,12.182703348751497,12.397565841674805,199400,0.0,0.0
2000-05-19 00:00:00-04:00,12.311617134766257,12.462020834492895,12.118240949403436,12.440534591674805,259800,0.0,0.0
2000-05-22 00:00:00-04:00,12.504992768396141,12.827286396447589,12.46202028465595,12.655396461486816,214900,0.0,0.0
2000-05-23 00:00:00-04:00,12.504998300014398,12.655402059636565,12.462025797265207,12.569457054138184,268200,0.0,0.0
2000-05-24 00:00:00-04:00,12.612428953183578,12.934722708375663,12.5694564524913,12.805805206298828,260700,0.0,0.0
2000-05-25 00:00:00-04:00,12.741342428175068,12.741342428175068,12.504993749068955,12.676883697509766,256100,0.0,0.0
2000-05-26 00:00:00-04:00,12.590937735876528,12.93471760579807,12.569451494006431,12.655396461486816,278000,0.0,0.0
2000-05-30 00:00:00-04:00,12.741348942189028,12.741348942189028,12.462027633169706,12.52648639678955,214500,0.0,0.0
2000-05-31 00:00:00-04:00,12.569458066300191,12.741348091138484,12.526485560090618,12.612430572509766,142800,0.0,0.0
2000-06-01 00:00:00-04:00,12.526478024567066,12.655395465643227,12.397560583490904,12.633909225463867,293700,0.0,0.0
2000-06-02 00:00:00-04:00,12.63391458389044,12.655400833182773,12.376079592382473,12.397565841674805,159000,0.0,0.0
2000-06-05 00:00:00-04:00,12.37608204599384,12.37608204599384,11.989329482056531,12.096760749816895,2485500,0.0,0.0
2000-06-06 00:00:00-04:00,11.859564520788531,12.384711289236732,11.859564520788531,12.340949058532715,486400,0.635,0.0
2000-06-07 00:00:00-04:00,12.297187832423619,12.36283118384225,12.231544481004986,12.253425598144531,246000,0.0,0.0
2000-06-08 00:00:00-04:00,12.231545541428744,12.25342666046529,11.903328755880567,12.100258827209473,738400,0.0,0.0
2000-06-09 00:00:00-04:00,12.275307564508347,12.428475395081534,12.187783089895097,12.406594276428223,336200,0.0,0.0
2000-06-12 00:00:00-04:00,12.450347900390625,12.581634521484375,12.428466796875,12.461288452148438,235000,0.0,0.0
2000-06-13 00:00:00-04:00,12.428475349827817,12.734811009858785,12.428475349827817,12.472237586975098,219600,0.0,0.0
2000-06-14 00:00:00-04:00,12.515997066054233,12.515997066054233,12.20966147352843,12.231542587280273,188800,0.0,0.0
2000-06-15 00:00:00-04:00,12.297188638385974,12.691048772711502,12.275307519812333,12.472237586975098,186000,0.0,0.0
2000-06-16 00:00:00-04:00,12.340950920468284,12.603524344308035,12.340950920468284,12.406594276428223,399600,0.0,0.0
2000-06-19 00:00:00-04:00,12.319063176535886,12.515993138505378,12.27530096276489,12.384706497192383,399100,0.0,0.0
2000-06-20 00:00:00-04:00,12.297186827828698,12.40659240458874,12.078375674308614,12.340949058532715,253400,0.0,0.0
2000-06-21 00:00:00-04:00,12.275305700724104,12.581641315358931,12.275305700724104,12.36283016204834,244100,0.0,0.0
2000-06-22 00:00:00-04:00,12.253423701032116,12.27530481478396,12.100255904769215,12.231542587280273,363500,0.0,0.0
2000-06-23 00:00:00-04:00,12.275306715284074,12.406593418121338,12.165901129586356,12.253425598144531,157900,0.0,0.0
2000-06-26 00:00:00-04:00,12.297191498984754,12.625408353939862,12.231548127993731,12.428478240966797,1027100,0.0,0.0
2000-06-27 00:00:00-04:00,12.450351811314489,12.581638473648209,12.100254045091233,12.14401626586914,350200,0.0,0.0
2000-06-28 00:00:00-04:00,12.12213784739087,12.515997921854835,11.903326694910891,12.45035457611084,367100,0.0,0.0
2000-06-29 00:00:00-04:00,12.47223785083074,12.516000088903832,12.056496589136383,12.100258827209473,542800,0.0,0.0
2000-06-30 00:00:00-04:00,12.122139174849899,12.515999292444299,11.662635704323097,11.815803527832031,695000,0.0,0.0
2000-07-03 00:00:00-04:00,11.925203278927821,12.231538776001196,11.925203278927821,12.209657669067383,338900,0.0,0.0
2000-07-05 00:00:00-04:00,12.23154260782622,12.472234859500796,12.144018152671828,12.187780380249023,523500,0.0,0.0
2000-07-06 00:00:00-04:00,12.122139946246019,12.319070017574925,12.078377708172928,12.100258827209473,236000,0.0,0.0
2000-07-07 00:00:00-04:00,12.122133241332133,12.297182096802633,12.034608813596883,12.209657669067383,228500,0.0,0.0
2000-07-10 00:00:00-04:00,12.253424597124681,12.428473519940749,12.187781251068657,12.340949058532715,363600,0.0,0.0
2000-07-11 00:00:00-04:00,12.253419832825452,12.537874221801758,12.144014298603796,12.537874221801758,272300,0.0,0.0
2000-07-12 00:00:00-04:00,12.603525194972235,12.734811915753195,12.340951753410312,12.559762954711914,361300,0.0,0.0
2000-07-13 00:00:00-04:00,12.384709308197449,12.537877091161022,12.384709308197449,12.515995979309082,189400,0.0,0.0
2000-07-14 00:00:00-04:00,12.472234807404758,12.625402603285169,12.253423670432745,12.297185897827148,201400,0.0,0.0
2000-07-17 00:00:00-04:00,12.297187784866834,12.384712253086528,12.253425550756988,12.330009460449219,227200,0.0,0.0
2000-07-18 00:00:00-04:00,12.340950920468284,12.581643225654723,12.340950920468284,12.406594276428223,271300,0.0,0.0
2000-07-19 00:00:00-04:00,12.603524208068848,12.82233539223671,12.603524208068848,12.603524208068848,425400,0.0,0.0
2000-07-20 00:00:00-04:00,12.778572082519531,12.866096548838158,12.734809849360218,12.778572082519531,277800,0.0,0.0
2000-07-21 00:00:00-04:00,12.778570204716745,12.822332431445227,12.625402411167059,12.712926864624023,251000,0.0,0.0
2000-07-24 00:00:00-04:00,12.625406315102396,12.691049675492875,12.428476233930954,12.559762954711914,218300,0.0,0.0
2000-07-25 00:00:00-04:00,12.603527029492865,12.712932646068323,12.55976478286268,12.647289276123047,190800,0.0,0.0
2000-07-26 00:00:00-04:00,12.559758217697446,12.712926000840097,12.450352658309837,12.477704048156738,252600,0.0,0.0
2000-07-27 00:00:00-04:00,12.494118485083947,12.866097494272084,12.47223736689641,12.800454139709473,454800,0.0,0.0
2000-07-28 00:00:00-04:00,12.822334341986481,12.887977691860133,12.625404292365529,12.734809875488281,170200,0.0,0.0
2000-07-31 00:00:00-04:00,12.909855933181156,12.953618156683465,12.625401480416148,12.669163703918457,309200,0.0,0.0
2000-08-01 00:00:00-04:00,12.6910418889993,13.128664023102724,12.66916078229413,13.084901809692383,548500,0.0,0.0
2000-08-02 00:00:00-04:00,13.084902744356581,13.238070502233665,13.063021636088425,13.1724271774292,447500,0.0,0.0
2000-08-03 00:00:00-04:00,13.238075215582292,13.610054188582126,13.194312983464664,13.309188842773438,730200,0.0,0.0
2000-08-04 00:00:00-04:00,13.259957201706083,13.522530611640857,12.95362155678218,13.435006141662598,378000,0.0,0.0
2000-08-07 00:00:00-04:00,13.391243861628332,13.5225305661541,13.172432687418718,13.506119728088379,517800,0.0,0.0
2000-08-08 00:00:00-04:00,13.610053083973547,13.631934198256463,13.413123055427306,13.566290855407715,247700,0.0,0.0
2000-08-09 00:00:00-04:00,13.500649424477423,13.56629277662237,13.435006072332477,13.544411659240723,373900,0.0,0.0
2000-08-10 00:00:00-04:00,13.610058859683607,13.610058859683607,13.435009871134621,13.52800464630127,132000,0.0,0.0
2000-08-11 00:00:00-04:00,13.522525767397353,13.719455754301197,13.522525767397353,13.593639373779297,438400,0.0,0.0
2000-08-14 00:00:00-04:00,13.52252573860339,13.741336834697297,13.435001300165828,13.697574615478516,287100,0.0,0.0
2000-08-15 00:00:00-04:00,13.653819964949493,13.828868938859102,13.631938843210792,13.741344451904297,340300,0.0,0.0
2000-08-16 00:00:00-04:00,13.610054807332036,13.872628211975098,13.588173690278447,13.872628211975098,137300,0.0,0.0
2000-08-17 00:00:00-04:00,13.872624374820823,14.113316595835064,13.85074326381953,13.938267707824707,283600,0.0,0.0
2000-08-18 00:00:00-04:00,13.916388480316305,14.003912936167351,13.916388480316305,13.98203182220459,359000,0.0,0.0
2000-08-21 00:00:00-04:00,13.916389501490299,13.982032848195443,13.763221692511632,13.850746154785156,215100,0.0,0.0
2000-08-22 00:00:00-04:00,13.763224551949321,13.850749032406869,13.719462311720546,13.82886791229248,141300,0.0,0.0
2000-08-23 00:00:00-04:00,13.741340576943252,13.916389501490299,13.69757834580649,13.850746154785156,121100,0.0,0.0
2000-08-24 00:00:00-04:00,13.78510570526123,13.80698682542831,13.697581224592906,13.78510570526123,189000,0.0,0.0
2000-08-25 00:00:00-04:00,13.697574615478516,13.719455725087906,13.610050177040954,13.697574615478516,269200,0.0,0.0
2000-08-28 00:00:00-04:00,13.56629257322486,13.98203379724304,13.56629257322486,13.872628211975098,243300,0.0,0.0
2000-08-29 00:00:00-04:00,13.82886791229248,13.894511272635642,13.763224551949321,13.82886791229248,261100,0.0,0.0
2000-08-30 00:00:00-04:00,13.741341482918218,14.178963823138544,13.741341482918218,13.916390419006348,274500,0.0,0.0
2000-08-31 00:00:00-04:00,13.916388395625498,14.222723989239897,13.8945072817959,14.162550926208496,517700,0.0,0.0
2000-09-01 00:00:00-04:00,14.091440200805662,14.135202437454128,14.025796845832966,14.091440200805664,268000,0.0,0.0
2000-09-05 00:00:00-04:00,14.003912733248766,14.41965389251709,14.003912733248766,14.41965389251709,390700,0.0,0.0
2000-09-06 00:00:00-04:00,14.332133973941719,14.704113023647077,14.332133973941719,14.682231903076172,1501600,0.0,0.0
2000-09-07 00:00:00-04:00,14.752439143583066,14.90796184539795,14.752439143583066,14.90796184539795,2313100,0.635,0.0
2000-09-08 00:00:00-04:00,14.86352810026,15.196791062149238,14.841310569467383,15.18568229675293,882300,0.0,0.0
2000-09-11 00:00:00-04:00,15.152354215786387,15.418964553894066,15.152354215786387,15.268996238708496,572300,0.0,0.0
2000-09-12 00:00:00-04:00,15.285658330502718,15.507833596934443,15.241223277216372,15.330093383789062,648800,0.0,0.0
2000-09-13 00:00:00-04:00,15.307869700660483,15.530044877738284,15.130129558998242,15.196782112121582,628600,0.0,0.0
2000-09-14 00:00:00-04:00,15.130136104159886,15.130136104159886,14.819090721695511,14.996830940246582,491600,0.0,0.0
2000-09-15 00:00:00-04:00,15.063483502136702,15.219006193161713,14.99683092026884,15.113472938537598,974100,0.0,0.0
2000-09-18 00:00:00-04:00,14.974608619364092,15.107913740604722,14.885738538537005,15.08569622039795,765100,0.0,0.0
2000-09-19 00:00:00-04:00,15.063480209421229,15.063480209421229,14.352519491572439,14.396954536437988,391500,0.0,0.0
2000-09-20 00:00:00-04:00,14.308090607325235,14.308090607325235,13.774869839350382,13.863739967346191,720300,0.0,0.0
2000-09-21 00:00:00-04:00,13.819299141696886,13.841516664432733,13.308296118772404,13.48603630065918,889800,0.0,0.0
2000-09-22 00:00:00-04:00,13.486032160501631,14.06368757429577,13.374944580925835,13.997035026550293,606500,0.0,0.0
2000-09-25 00:00:00-04:00,13.952605870765025,14.174781123484212,13.86373576967735,14.108128547668457,292800,0.0,0.0
2000-09-26 00:00:00-04:00,14.130346359934755,14.508044297228608,14.130346359934755,14.419174194335938,373200,0.0,0.0
2000-09-27 00:00:00-04:00,14.3525247559381,14.708005245249261,14.041479327790835,14.641352653503418,694600,0.0,0.0
2000-09-28 00:00:00-04:00,14.641347119607122,14.930174908006048,14.619129597422589,14.752434730529785,383100,0.0,0.0
2000-09-29 00:00:00-04:00,14.774655324671972,15.041265646320188,14.774655324671972,14.891297340393066,342500,0.0,0.0
2000-10-02 00:00:00-04:00,14.974607902414657,15.107913017272947,14.552475038696738,15.10791301727295,633100,0.0,0.0
2000-10-03 00:00:00-04:00,15.041265494895704,15.107918074636748,14.641350016449437,14.663567543029785,434100,0.0,0.0
2000-10-04 00:00:00-04:00,14.663565359382986,14.952393161916287,14.13034480085997,14.263649940490723,462400,0.0,0.0
2000-10-05 00:00:00-04:00,14.330303160248288,14.6191309758812,13.930387723218104,13.952605247497559,395300,0.0,0.0
2000-10-06 00:00:00-04:00,13.952605523681642,14.152563246154786,13.863735424804688,13.885952949523926,422200,0.0,0.0
2000-10-09 00:00:00-04:00,13.885954470164556,14.019259633078136,13.70821425294645,13.752649307250977,273700,0.0,0.0
2000-10-10 00:00:00-04:00,13.863735424804688,14.241433345031739,13.752647801208497,13.885952949523926,612300,0.0,0.0
2000-10-11 00:00:00-04:00,13.97482327531321,14.196998526113102,13.774865549593306,13.908170700073242,537600,0.0,0.0
2000-10-12 00:00:00-04:00,13.885947679377585,14.196992907395643,13.552684935072522,14.01925277709961,529600,0.0,0.0
2000-10-13 00:00:00-04:00,14.019262377917768,14.219220161437988,14.019262377917768,14.219220161437988,385900,0.0,0.0
2000-10-16 00:00:00-04:00,14.174778671978787,14.574694057708596,14.174778671978787,14.24143123626709,261200,0.0,0.0
2000-10-17 00:00:00-04:00,14.241432417218931,14.463607649936854,14.21921489394714,14.263649940490723,230900,0.0,0.0
2000-10-18 00:00:00-04:00,14.219218067034266,14.330305708182971,13.641562333060998,13.819302558898926,299800,0.0,0.0
2000-10-19 00:00:00-04:00,13.774869779261147,13.774869779261147,13.508259396436738,13.663782119750977,253900,0.0,0.0
2000-10-20 00:00:00-04:00,13.641564226698602,13.819304477209334,13.486041507501712,13.530476570129395,413800,0.0,0.0
2000-10-23 00:00:00-04:00,13.486033184801947,13.730425878430978,13.441598149596668,13.552685737609863,254500,0.0,0.0
2000-10-24 00:00:00-04:00,13.508251883199287,13.70820955910191,13.463816844109816,13.574904441833496,482500,0.0,0.0
2000-10-25 00:00:00-04:00,13.663775283511322,13.863732970587098,13.44160007564935,13.463817596435547,379300,0.0,0.0
2000-10-26 00:00:00-04:00,13.463825008297755,13.530477607348734,13.374954876229783,13.441607475280762,444400,0.0,0.0
2000-10-27 00:00:00-04:00,13.330508430222958,13.797076225280762,13.286073402122215,13.797076225280762,268200,0.0,0.0
2000-10-30 00:00:00-05:00,13.841509827874729,14.396947621930696,13.81929231611249,14.374730110168457,407900,0.0,0.0
2000-10-31 00:00:00-05:00,14.308081674875703,14.330299193004393,13.908166348559302,14.130341529846191,220200,0.0,0.0
2000-11-01 00:00:00-05:00,14.174783504192645,14.463611381237323,14.174783504192645,14.441393852233887,476700,0.0,0.0
2000-11-02 00:00:00-05:00,14.4858247707605,14.619129906687744,14.396954680142338,14.596912384033203,882400,0.0,0.0
2000-11-03 00:00:00-05:00,14.596908588321797,14.752431206462212,14.352515902672573,14.508038520812988,559200,0.0,0.0
2000-11-06 00:00:00-05:00,14.530261993408203,14.863524883165272,14.485826941440594,14.530261993408203,502500,0.0,0.0
2000-11-07 00:00:00-05:00,14.50804210733051,14.752434853395801,14.352519450743506,14.485824584960938,546600,0.0,0.0
2000-11-08 00:00:00-05:00,14.485826941440594,14.619132097343421,14.241434155618743,14.530261993408203,190900,0.0,0.0
2000-11-09 00:00:00-05:00,14.530252699730458,14.907950399876356,14.530252699730458,14.819080352783203,473500,0.0,0.0
2000-11-10 00:00:00-05:00,14.819089610541045,15.041264867070895,14.819089610541045,14.8857421875,263000,0.0,0.0
2000-11-13 00:00:00-05:00,14.8413011981411,15.174563949596365,14.8413011981411,14.863518714904785,361100,0.0,0.0
2000-11-14 00:00:00-05:00,14.819087841590488,14.819087841590488,14.508042519578092,14.61913013458252,396200,0.0,0.0
2000-11-15 00:00:00-05:00,14.59691540784346,14.88574326218435,14.530262826072486,14.708003044128418,695800,0.0,0.0
2000-11-16 00:00:00-05:00,14.730210542678833,14.952385663986206,14.685775518417358,14.930168151855469,238900,0.0,0.0
2000-11-17 00:00:00-05:00,15.019050165034798,15.263442993164062,14.952397575544998,15.263442993164062,202500,0.0,0.0
2000-11-20 00:00:00-05:00,15.21900463104248,15.418962356121872,15.130134531007197,15.21900463104248,363400,0.0,0.0
2000-11-21 00:00:00-05:00,15.196787609362847,15.263440186596895,14.885742248937293,15.174570083618164,198000,0.0,0.0
2000-11-22 00:00:00-05:00,15.174568676213335,15.285656294633638,14.996828486740851,15.130133628845215,146900,0.0,0.0
2000-11-24 00:00:00-05:00,15.107918576841001,15.107918576841001,14.907960830971048,14.996830940246582,92800,0.0,0.0
2000-11-27 00:00:00-05:00,15.01905111318526,15.041268644417782,14.796875800860034,14.974616050720215,184200,0.0,0.0
2000-11-28 00:00:00-05:00,14.996828486740851,15.219003723581455,14.95239343937273,15.130133628845215,128700,0.0,0.0
2000-11-29 00:00:00-05:00,15.04126669114992,15.374529616360038,15.04126669114992,15.352312088012695,282200,0.0,0.0
2000-11-30 00:00:00-05:00,15.352305987183477,15.796656377550581,15.330088467665123,15.774438858032227,581700,0.0,0.0
2000-12-01 00:00:00-05:00,15.774442397193855,15.841094970703125,15.552267152162957,15.841094970703125,867600,0.0,0.0
2000-12-04 00:00:00-05:00,15.707786498703323,15.996614256105222,15.707786498703323,15.885526657104492,527400,0.0,0.0
2000-12-05 00:00:00-05:00,15.818877948487359,15.818877948487359,15.66335527202751,15.796660423278809,389500,0.0,0.0
2000-12-06 00:00:00-05:00,15.818877446200036,15.996617642224754,15.752224872690766,15.841094970703125,595200,0.0,0.0
2000-12-07 00:00:00-05:00,15.822164772259667,16.09262912734103,15.822164772259667,15.979935646057129,519300,0.635,0.0
2000-12-08 00:00:00-05:00,15.979931889362685,15.979931889362685,15.664390215947908,15.934854507446289,393900,0.0,0.0
2000-12-11 00:00:00-05:00,15.844688933236258,15.844688933236258,15.529147475106376,15.77707290649414,257200,0.0,0.0
2000-12-12 00:00:00-05:00,15.77708619272607,15.957395749214367,15.754547498165033,15.822163581848145,276500,0.0,0.0
2000-12-13 00:00:00-05:00,15.822163581848145,15.844702276409182,15.68693141448192,15.822163581848145,314000,0.0,0.0
2000-12-14 00:00:00-05:00,15.777089266941466,15.79962796589424,15.596779675319278,15.686934471130371,278200,0.0,0.0
2000-12-15 00:00:00-05:00,15.596778427985228,15.686933216586299,15.529162336534425,15.574239730834961,560400,0.0,0.0
2000-12-18 00:00:00-05:00,15.506624149930651,15.777088524638744,15.461546754145969,15.551701545715332,470700,0.0,0.0
2000-12-19 00:00:00-05:00,15.551699247115698,15.889779665531256,15.461544468871548,15.822163581848145,280900,0.0,0.0
2000-12-20 00:00:00-05:00,15.88977710976785,16.36308961942051,15.777083655088646,16.318012237548828,446200,0.0,0.0
2000-12-21 00:00:00-05:00,16.340552587978177,16.543400827001353,16.070088269280607,16.498323440551758,421000,0.0,0.0
2000-12-22 00:00:00-05:00,16.40817304697547,16.45325044545617,16.137708656091256,16.43071174621582,265200,0.0,0.0
2000-12-26 00:00:00-05:00,16.520862080226436,16.92655855695778,16.40816861446773,16.881481170654297,212500,0.0,0.0
2000-12-27 00:00:00-05:00,16.746256745101622,16.904027670021826,16.633563227301476,16.79133415222168,243000,0.0,0.0
2000-12-28 00:00:00-05:00,16.881484980168548,16.881484980168548,16.49832711012467,16.588481903076172,319900,0.0,0.0
2000-12-29 00:00:00-05:00,16.678623657638404,16.836394421967416,16.520852893309392,16.701162338256836,417600,0.0,0.0
2001-01-02 00:00:00-05:00,16.543402564970783,16.58847995615599,16.205322131081736,16.29547691345215,440400,0.0,0.0
2001-01-03 00:00:00-05:00,16.340548902577748,16.543397095851127,15.529156129484232,15.596772193908691,361100,0.0,0.0
2001-01-04 00:00:00-05:00,15.574238543577389,15.596777239009484,14.334610294812183,14.447303771972656,539100,0.0,0.0
2001-01-05 00:00:00-05:00,14.379693898558616,14.762851886451243,14.312077783048153,14.424771308898926,355700,0.0,0.0
2001-01-08 00:00:00-05:00,14.424770048428016,14.85300540924072,14.424770048428016,14.853005409240723,431200,0.0,0.0
2001-01-09 00:00:00-05:00,14.852999242243435,14.898076629928543,14.717767079188107,14.830460548400879,191800,0.0,0.0
2001-01-10 00:00:00-05:00,14.785378100135908,14.920610216905443,14.469836494340324,14.672684669494629,228900,0.0,0.0
2001-01-11 00:00:00-05:00,14.672689760835787,14.672689760835787,14.041606330262205,14.109222412109375,491600,0.0,0.0
2001-01-12 00:00:00-05:00,14.199375985924753,14.424762906336257,13.861295605307497,14.289530754089355,534200,0.0,0.0
2001-01-16 00:00:00-05:00,14.289534787463534,14.289534787463534,13.455602946554778,14.154302597045898,595800,0.0,0.0
2001-01-17 00:00:00-05:00,14.15430303673676,14.424767425973767,14.019070842118255,14.176841735839844,460500,0.0,0.0
2001-01-18 00:00:00-05:00,14.221917017238345,14.424765278973917,14.154300929993155,14.312071800231934,377100,0.0,0.0
2001-01-19 00:00:00-05:00,14.176832741526585,14.69522249201166,13.996523263096995,14.582529067993164,670800,0.0,0.0
2001-01-22 00:00:00-05:00,14.582533859414276,14.920614242553711,14.514917782786389,14.920614242553711,780000,0.0,0.0
2001-01-23 00:00:00-05:00,14.943154017613653,15.393927894464742,14.717767079188107,14.830460548400879,558400,0.0,0.0
2001-01-24 00:00:00-05:00,14.83045504445987,15.168535326628406,14.83045504445987,15.078380584716797,270000,0.0,0.0
2001-01-25 00:00:00-05:00,15.078388655363625,15.39393042094672,14.943156470113726,15.100927352905273,412600,0.0,0.0
2001-01-26 00:00:00-05:00,15.100923780228076,15.191078549065258,14.582533859414276,14.920614242553711,272900,0.0,0.0
2001-01-29 00:00:00-05:00,14.904392428051853,15.182068005794536,14.821448800187511,14.962091445922852,201900,0.0,0.0
2001-01-30 00:00:00-05:00,14.96569648511482,15.012577365311286,14.677201406315506,14.875541687011719,197000,0.0,0.0
2001-01-31 00:00:00-05:00,14.871926145350052,14.871926145350052,14.424758040798366,14.706040382385254,173300,0.0,0.0
2001-02-01 00:00:00-05:00,14.893567114069615,14.94766052409771,14.424762604552182,14.655558586120605,242800,0.0,0.0
2001-02-02 00:00:00-05:00,14.605072469274637,14.738501141218618,14.428368518062939,14.482461929321289,388700,0.0,0.0
2001-02-05 00:00:00-05:00,14.486071511100466,14.605076498438203,14.413948777062656,14.496891021728516,374400,0.0,0.0
2001-02-06 00:00:00-05:00,14.496895440574098,14.572625159789004,14.175944499055639,14.424771308898926,458400,0.0,0.0
2001-02-07 00:00:00-05:00,14.424762538631493,14.770956509402035,14.331002187417512,14.550978660583496,416000,0.0,0.0
2001-02-08 00:00:00-05:00,14.641129366790866,14.839470897223404,14.558187170270065,14.785377502441406,450400,0.0,0.0
2001-02-09 00:00:00-05:00,14.767350937577428,15.034208274421049,14.74210771316391,14.990934371948242,289600,0.0,0.0
2001-02-12 00:00:00-05:00,14.951271934310535,15.232555850128122,14.713263313636023,14.962091445922852,416300,0.0,0.0
2001-02-13 00:00:00-05:00,14.98011624024318,15.156818811137796,14.752925844868974,14.990934371948242,306900,0.0,0.0
2001-02-14 00:00:00-05:00,15.001750623680373,15.131573690482323,14.749318411179228,15.03420639038086,268600,0.0,0.0
2001-02-15 00:00:00-05:00,15.037815541039631,15.037815541039631,14.817837687549018,14.915205001831055,292100,0.0,0.0
2001-02-16 00:00:00-05:00,15.005353976736453,15.293848847131294,15.005353976736453,15.145995140075684,339200,0.0,0.0
2001-02-20 00:00:00-05:00,15.127974287121724,15.506624136248362,15.045032044029448,15.254190444946289,217400,0.0,0.0
2001-02-21 00:00:00-05:00,15.164029027790084,15.524648036182963,15.113542586719458,15.156816482543945,341200,0.0,0.0
2001-02-22 00:00:00-05:00,15.22894010389535,15.344338073077635,15.063055695152357,15.236152648925781,495200,0.0,0.0
2001-02-23 00:00:00-05:00,15.236156361620123,15.344341812134235,14.74210859969234,15.045028686523438,353600,0.0,0.0
2001-02-26 00:00:00-05:00,15.019787033514538,15.38040615676192,14.994543804939445,15.077486038208008,210000,0.0,0.0
2001-02-27 00:00:00-05:00,15.055851439359676,15.254191722112845,15.023395656679844,15.135188102722168,301500,0.0,0.0
2001-02-28 00:00:00-05:00,15.099122353362906,15.254188686906284,14.947662981429069,15.207307815551758,372000,0.0,0.0
2001-03-01 00:00:00-05:00,15.261396513464662,15.27582160413495,15.109937188383725,15.171241760253906,333000,0.0,0.0
2001-03-02 00:00:00-05:00,15.218122378330744,15.3443384805845,15.037812874738323,15.308277130126953,422600,0.0,0.0
2001-03-05 00:00:00-05:00,15.297462372811545,15.402042247513382,15.182064364744955,15.265007972717285,2405400,0.0,0.0
2001-03-06 00:00:00-05:00,15.431585758454863,15.431585758454863,15.094762769259656,15.13869571685791,303500,0.635,0.0
2001-03-07 00:00:00-05:00,15.04717047795857,15.193615523574163,14.90438732661527,15.06181526184082,322600,0.0,0.0
2001-03-08 00:00:00-05:00,15.09842727526913,15.211920859251755,15.010559968266435,15.160665512084961,323600,0.0,0.0
2001-03-09 00:00:00-05:00,15.160661964128664,15.17896724146101,14.94465633975945,15.094761848449707,273300,0.0,0.0
2001-03-12 00:00:00-05:00,15.047168392040026,15.087440843831706,14.765264022704804,14.827502250671387,544900,0.0,0.0
2001-03-13 00:00:00-05:00,14.757951906872224,14.798222990099022,14.6298120713549,14.64445686340332,472600,0.0,0.0
2001-03-14 00:00:00-05:00,14.644442208205597,14.644442208205597,14.388164190241431,14.461386680603027,561300,0.0,0.0
2001-03-15 00:00:00-05:00,14.42478460672634,14.688383771620142,14.391834536539157,14.61150074005127,322000,0.0,0.0
2001-03-16 00:00:00-05:00,14.424777395937662,14.607832939558175,14.373520670577427,14.432098388671875,508900,0.0,0.0
2001-03-19 00:00:00-05:00,14.497995218369162,14.56755720304415,14.241718632522312,14.318601608276367,322000,0.0,0.0
2001-03-20 00:00:00-05:00,14.31861168164419,14.644450481398732,14.179489011021886,14.43576717376709,472800,0.0,0.0
2001-03-21 00:00:00-05:00,14.42478506949488,14.7725896701132,14.38817310333252,14.38817310333252,414100,0.0,0.0
2001-03-22 00:00:00-05:00,14.388170356023197,14.446748094094302,13.710865172288335,13.945176124572754,572000,0.0,0.0
2001-03-23 00:00:00-05:00,13.85364798661172,13.985448243236053,13.677914776647077,13.912225723266602,293700,0.0,0.0
2001-03-26 00:00:00-05:00,13.985443936115125,14.417455134623928,13.912221438696129,14.336910247802734,392200,0.0,0.0
2001-03-27 00:00:00-05:00,14.644447138303695,14.68105769750813,14.417458598708915,14.516308784484863,345500,0.0,0.0
2001-03-28 00:00:00-05:00,14.607833751574498,14.779905022452816,14.2783331961002,14.552916526794434,305000,0.0,0.0
2001-03-29 00:00:00-05:00,14.644454768399962,14.853138137121338,14.267360505026955,14.838493347167969,433000,0.0,0.0
2001-03-30 00:00:00-05:00,15.010562402810226,15.197278540144437,14.955645152451151,14.992257118225098,425900,0.0,0.0
2001-04-02 00:00:00-04:00,15.120397431879203,15.40962571359798,15.010564313782059,15.171652793884277,452900,0.0,0.0
2001-04-03 00:00:00-04:00,15.142359240398095,15.248531822075,14.79089282857459,15.204597473144531,574600,0.0,0.0
2001-04-04 00:00:00-04:00,15.241212339785328,15.43891136129516,15.058156707444033,15.303450584411621,399900,0.0,0.0
2001-04-05 00:00:00-04:00,15.307106202997048,15.307106202997048,15.028860973825253,15.248528480529785,415200,0.0,0.0
2001-04-06 00:00:00-04:00,15.193613810779572,15.394974678348762,14.717669561087861,14.897063255310059,440700,0.0,0.0
2001-04-09 00:00:00-04:00,14.860452210017502,15.42792423517918,14.860452210017502,15.233885765075684,372500,0.0,0.0
2001-04-10 00:00:00-04:00,15.237543290828603,15.61829916251386,15.237543290828603,15.54141616821289,360000,0.0,0.0
2001-04-11 00:00:00-04:00,15.504805305367636,15.504805305367636,15.186289023413247,15.340056419372559,296300,0.0,0.0
2001-04-12 00:00:00-04:00,15.35836792557641,15.48284581218494,15.065479191380941,15.215584754943848,232400,0.0,0.0
2001-04-16 00:00:00-04:00,15.248536286816504,15.523119763314254,15.248536286816504,15.413285255432129,261800,0.0,0.0
2001-04-17 00:00:00-04:00,15.413278278759789,15.669556353476636,15.398634894726971,15.629283905029297,443500,0.0,0.0
2001-04-18 00:00:00-04:00,15.706167909859076,15.79769569162608,15.215578943723813,15.559722900390625,426700,0.0,0.0
2001-04-19 00:00:00-04:00,15.468206631397896,15.600006958696056,15.193623081728111,15.310778617858887,280100,0.0,0.0
2001-04-20 00:00:00-04:00,15.255853612369064,15.486504068167859,15.076459899661572,15.219243049621582,318000,0.0,0.0
2001-04-23 00:00:00-04:00,15.248530873673158,15.490164191348546,15.211918918508227,15.373008728027344,294100,0.0,0.0
2001-04-24 00:00:00-04:00,15.373010202781346,15.446231326928835,15.222904663713521,15.28514289855957,456600,0.0,0.0
2001-04-25 00:00:00-04:00,15.281480958257735,15.43890747759482,15.226563723728473,15.347379684448242,415600,0.0,0.0
2001-04-26 00:00:00-04:00,15.468200513652803,15.625628464928326,15.383995092650203,15.420605659484863,203600,0.0,0.0
2001-04-27 00:00:00-04:00,15.376674323861256,15.504812717918599,15.237551641310604,15.405963897705078,167900,0.0,0.0
2001-04-30 00:00:00-04:00,15.340064458681738,15.479185751027117,15.222908951125726,15.365692138671875,231700,0.0,0.0
2001-05-01 00:00:00-04:00,15.376669225242194,15.446229845150631,15.299786214300772,15.373008728027344,350600,0.0,0.0
2001-05-02 00:00:00-04:00,15.373007643591212,15.515790767154074,15.124051952444562,15.255850791931152,377000,0.0,0.0
2001-05-03 00:00:00-04:00,15.164329652011833,15.285147053583637,14.827507920242809,14.933680534362793,640900,0.0,0.0
2001-05-04 00:00:00-04:00,14.900725184279235,15.241208690641688,14.867775122482763,15.208258628845215,175100,0.0,0.0
2001-05-07 00:00:00-04:00,15.200936237712298,15.252191579039412,15.120391331853519,15.208258628845215,114200,0.0,0.0
2001-05-08 00:00:00-04:00,15.15700272122847,15.15700272122847,15.043507757813568,15.091102600097656,240600,0.0,0.0
2001-05-09 00:00:00-04:00,15.120393349508534,15.211921155978446,15.05449321712192,15.157005310058594,210600,0.0,0.0
2001-05-10 00:00:00-04:00,15.138692646347478,15.175304592422878,15.054487265278466,15.116726875305176,243000,0.0,0.0
2001-05-11 00:00:00-04:00,15.120390345201361,15.138695623537526,15.010557278581167,15.065474510192871,204400,0.0,0.0
2001-05-14 00:00:00-04:00,15.065477513771832,15.303448972792356,15.065477513771832,15.299788475036621,257700,0.0,0.0
2001-05-15 00:00:00-04:00,15.288801408918843,15.34005814440463,15.241207963729757,15.292463302612305,256300,0.0,0.0
2001-05-16 00:00:00-04:00,15.285140594173289,15.629284574235005,15.237545753370078,15.614641189575195,322500,0.0,0.0
2001-05-17 00:00:00-04:00,15.596329211072828,15.74277418069715,15.497480462669555,15.684196472167969,355700,0.0,0.0
2001-05-18 00:00:00-04:00,15.684199463572796,15.71348762512207,15.54141635908795,15.71348762512207,368900,0.0,0.0
2001-05-21 00:00:00-04:00,15.713491758160972,15.852614402770996,15.665898308549764,15.852614402770996,331800,0.0,0.0
2001-05-22 00:00:00-04:00,15.834304809570312,15.885560139254641,15.779387586849683,15.834304809570312,248800,0.0,0.0
2001-05-23 00:00:00-04:00,15.834304989966517,16.196755591525406,15.834304989966517,16.1381778717041,561300,0.0,0.0
2001-05-24 00:00:00-04:00,16.229712970767416,16.500634523483146,16.229712970767416,16.328561782836914,702100,0.0,0.0
2001-05-25 00:00:00-04:00,16.27363861320547,16.324893943556503,16.200416114159854,16.218721389770508,540500,0.0,0.0
2001-05-29 00:00:00-04:00,16.182116306311826,16.650738223981264,16.11621617456413,16.240694046020508,449100,0.0,0.0
2001-05-30 00:00:00-04:00,16.200420812795432,16.401781696119667,16.200420812795432,16.288288116455078,459400,0.0,0.0
2001-05-31 00:00:00-04:00,16.200423399336724,16.383479030967646,16.200423399336724,16.328561782836914,422900,0.0,0.0
2001-06-01 00:00:00-04:00,16.29195256029389,16.29195256029389,16.072286342841537,16.17479705810547,486800,0.0,0.0
2001-06-04 00:00:00-04:00,16.10888673717038,16.21871977651233,16.08325907454402,16.215059280395508,321200,0.0,0.0
2001-06-05 00:00:00-04:00,16.12719557919236,16.160145637945615,15.962445285426075,16.02468490600586,1307700,0.0,0.0
2001-06-06 00:00:00-04:00,16.019113516228526,16.059978829487452,15.844509110253608,15.892803192138672,654200,0.635,0.0
2001-06-07 00:00:00-04:00,15.874225281329801,15.877941082067409,15.603029931157312,15.751630783081055,315600,0.0,0.0
2001-06-08 00:00:00-04:00,15.751631381010412,15.963386681884153,15.62160527635068,15.937381744384766,305200,0.0,0.0
2001-06-11 00:00:00-04:00,15.933665432114253,16.06740591619743,15.933665432114253,16.05254554748535,393000,0.0,0.0
2001-06-12 00:00:00-04:00,15.974533220427169,16.219723673635578,15.974533220427169,16.190004348754883,280100,0.0,0.0
2001-06-13 00:00:00-04:00,16.186294895340346,16.227160223095428,15.955964722823154,16.00797462463379,344300,0.0,0.0
2001-06-14 00:00:00-04:00,15.915097406847053,15.915097406847053,15.473011879521403,15.510161399841309,293900,0.0,0.0
2001-06-15 00:00:00-04:00,15.342978518299986,16.041400226177142,15.328118150285798,15.844505310058594,500800,0.0,0.0
2001-06-18 00:00:00-04:00,15.844507720497356,16.06740760596934,15.788782040547906,15.825931549072266,334800,0.0,0.0
2001-06-19 00:00:00-04:00,15.695912534343325,16.030263900756836,15.695912534343325,16.030263900756836,203100,0.0,0.0
2001-06-20 00:00:00-04:00,16.067408602460073,16.18628873770639,15.848223087381614,16.0488338470459,267100,0.0,0.0
2001-06-21 00:00:00-04:00,16.067408179881426,16.067408179881426,15.473007519282788,15.595602035522461,397000,0.0,0.0
2001-06-22 00:00:00-04:00,15.56588416117999,15.744204375971758,15.48786791576358,15.67361831665039,287400,0.0,0.0
2001-06-25 00:00:00-04:00,15.677333589817247,15.766492985626138,15.558453450630028,15.56588363647461,177200,0.0,0.0
2001-06-26 00:00:00-04:00,15.580734134538233,15.773914610159286,15.476714423497002,15.721904754638672,730100,0.0,0.0
2001-06-27 00:00:00-04:00,15.714487745890038,15.90023819540922,15.714487745890038,15.87423324584961,286900,0.0,0.0
2001-06-28 00:00:00-04:00,15.993102743911248,16.063688774593174,15.83335735059033,15.88165283203125,239900,0.0,0.0
2001-06-29 00:00:00-04:00,16.0302594764836,16.0302594764836,15.770208642952896,15.863083839416504,485500,0.0,0.0
2001-07-02 00:00:00-04:00,15.881659434106131,16.14171028137207,15.840794118757657,16.14171028137207,498700,0.0,0.0
2001-07-03 00:00:00-04:00,15.937383650060303,16.048833597978724,15.829648086301875,15.840792655944824,417500,0.0,0.0
2001-07-05 00:00:00-04:00,15.844500448457769,15.937375594305324,15.788774794084333,15.900224685668945,455100,0.0,0.0
2001-07-06 00:00:00-04:00,15.90022448557317,15.933659594344018,15.733048941718934,15.781344413757324,458200,0.0,0.0
2001-07-09 00:00:00-04:00,15.707050913265608,15.92995220869234,15.681045974706919,15.747916221618652,317500,0.0,0.0
2001-07-10 00:00:00-04:00,15.695908177779659,15.788783374097882,15.640182493123513,15.736773490905762,355800,0.0,0.0
2001-07-11 00:00:00-04:00,15.81106821851184,15.81106821851184,15.510152180989584,15.60302734375,332700,0.0,0.0
2001-07-12 00:00:00-04:00,15.510153806852825,15.539874542289665,15.331833645719787,15.491579055786133,228500,0.0,0.0
2001-07-13 00:00:00-04:00,15.473005009748007,15.49157976166106,15.17580331048826,15.26496410369873,654800,0.0,0.0
2001-07-16 00:00:00-04:00,15.26495630276089,15.361545813645707,15.134931688654019,15.175795555114746,423300,0.0,0.0
2001-07-17 00:00:00-04:00,15.212959293870826,15.231534051964971,14.96405300048702,14.990057945251465,247700,0.0,0.0
2001-07-18 00:00:00-04:00,15.027211648877081,15.08293593343232,14.822886437847613,14.871180534362793,512800,0.0,0.0
2001-07-19 00:00:00-04:00,14.886034125234033,15.023488998413086,14.863743571274124,15.023488998413086,420800,0.0,0.0
2001-07-20 00:00:00-04:00,15.023494029620808,15.082934109590258,14.618558041965395,14.737438201904297,735800,0.0,0.0
2001-07-23 00:00:00-04:00,14.67428768184791,14.67428768184791,14.19133672511856,14.339936256408691,468300,0.0,0.0
2001-07-24 00:00:00-04:00,14.239623901736786,14.239623901736786,13.946137979958849,14.00557804107666,1002000,0.0,0.0
2001-07-25 00:00:00-04:00,14.005577375549644,14.4067974147387,13.890411642597668,14.358503341674805,863500,0.0,0.0
2001-07-26 00:00:00-04:00,14.339929351060075,14.62970091929002,14.191329891327555,14.59626579284668,351700,0.0,0.0
2001-07-27 00:00:00-04:00,14.50339005486496,14.603695430431209,14.243339238637237,14.536825180053711,276600,0.0,0.0
2001-07-30 00:00:00-04:00,14.637131104851095,14.637131104851095,14.295349654856619,14.59626579284668,360800,0.0,0.0
2001-07-31 00:00:00-04:00,14.339929351060075,14.726290497258008,14.332500582661991,14.59626579284668,348100,0.0,0.0
2001-08-01 00:00:00-04:00,14.596270455974455,14.860035750425277,14.529400181724466,14.759730339050293,303500,0.0,0.0
2001-08-02 00:00:00-04:00,14.73000757739085,15.07178763989363,14.65942151701428,14.941762924194336,274700,0.0,0.0
2001-08-03 00:00:00-04:00,14.952906023756121,15.082930726662724,14.804305148580312,15.008631706237793,258800,0.0,0.0
2001-08-06 00:00:00-04:00,14.867469315365735,14.915764839330254,14.603703961003097,14.681718826293945,240500,0.0,0.0
2001-08-07 00:00:00-04:00,14.804305416967447,15.027206733772138,14.655705956260654,14.733720779418945,458800,0.0,0.0
2001-08-08 00:00:00-04:00,14.71142292480322,14.77086296303256,14.525672628191248,14.529388427734375,146500,0.0,0.0
2001-08-09 00:00:00-04:00,14.451378910507843,14.730004456979103,14.451378910507843,14.703999519348145,129100,0.0,0.0
2001-08-10 00:00:00-04:00,14.611123685469297,14.934328908153965,14.54796782749485,14.845168113708496,148300,0.0,0.0
2001-08-13 00:00:00-04:00,14.860033807933608,14.886038753724431,14.677997770234589,14.730009078979492,168500,0.0,0.0
2001-08-14 00:00:00-04:00,14.75601588889098,14.845175309390626,14.655710477956301,14.74858570098877,141600,0.0,0.0
2001-08-15 00:00:00-04:00,14.785729190619799,14.856315238309303,14.581404066747627,14.655704498291016,181200,0.0,0.0
2001-08-16 00:00:00-04:00,14.692861914795753,14.841462857875902,14.544262388879226,14.77830696105957,180100,0.0,0.0
2001-08-17 00:00:00-04:00,14.73001124204192,14.856321604644222,14.68914591632302,14.82288646697998,171700,0.0,0.0
2001-08-20 00:00:00-04:00,14.804302771276413,14.952903622589607,14.78572801915295,14.86374282836914,176900,0.0,0.0
2001-08-21 00:00:00-04:00,14.897180221284211,15.30583191614469,14.860030711370968,15.064355850219727,333200,0.0,0.0
2001-08-22 00:00:00-04:00,15.064354758868294,15.287256053688342,15.001200313158474,15.18695068359375,283700,0.0,0.0
2001-08-23 00:00:00-04:00,15.138659023740441,15.350414386282281,15.138659023740441,15.342984199523926,177100,0.0,0.0
2001-08-24 00:00:00-04:00,15.33555034744165,15.428425533978313,15.242675160904987,15.316975593566895,288200,0.0,0.0
2001-08-27 00:00:00-04:00,15.324414382648861,15.491590095710492,15.324414382648861,15.42471981048584,212500,0.0,0.0
2001-08-28 00:00:00-04:00,15.499011947852749,15.510156517007568,15.268680459458452,15.420995712280273,280400,0.0,0.0
2001-08-29 00:00:00-04:00,15.454434972249004,15.53245122869729,15.391280507255427,15.49530029296875,254900,0.0,0.0
2001-08-30 00:00:00-04:00,15.569595995165898,15.67733155015106,15.424710932954131,15.476720809936523,438300,0.0,0.0
2001-08-31 00:00:00-04:00,15.476723807782136,15.525019310261865,15.287259016766487,15.324408531188965,550100,0.0,0.0
2001-09-04 00:00:00-04:00,15.324407302718306,15.517587879987895,15.313262732717588,15.502727508544922,262700,0.0,0.0
2001-09-05 00:00:00-04:00,15.447003802131364,15.473008744519081,15.346698416994567,15.417283058166504,236100,0.0,0.0
2001-09-06 00:00:00-04:00,15.398711315375028,15.469295970360735,15.342985618116652,15.391281127929688,3401600,0.0,0.0
2001-09-07 00:00:00-04:00,15.389387929691951,15.581801801655818,15.325249012889504,15.51011848449707,3598500,0.635,0.0
2001-09-10 00:00:00-04:00,15.536530217695772,15.544076058252116,15.110199581204878,15.185656547546387,392200,0.0,0.0
2001-09-17 00:00:00-04:00,15.053614136890976,15.246028113061966,14.8083792550671,15.189435005187988,351300,0.0,0.0
2001-09-18 00:00:00-04:00,15.095110032841871,15.37430041598498,15.01210865343889,15.336572647094727,202500,0.0,0.0
2001-09-19 00:00:00-04:00,15.355432560701441,15.510118675905824,14.944193653564653,14.997013092041016,496500,0.0,0.0
2001-09-20 00:00:00-04:00,14.846104070650565,15.196977815295222,14.808376299080653,15.11020278930664,446100,0.0,0.0
2001-09-21 00:00:00-04:00,14.827238038641458,15.163020050365231,14.638596329653087,14.65746021270752,527700,0.0,0.0
2001-09-24 00:00:00-04:00,14.676327879220686,14.732919537423319,14.31790828704834,14.31790828704834,433400,0.0,0.0
2001-09-25 00:00:00-04:00,14.336776200386971,14.412233205075646,14.185862191009626,14.333003997802734,426400,0.0,0.0
2001-09-26 00:00:00-04:00,14.29904442590262,14.29904442590262,14.016081816729525,14.083992958068848,480300,0.0,0.0
2001-09-27 00:00:00-04:00,14.072673206856415,14.106628776879006,13.782164760934743,13.99721622467041,431800,0.0,0.0
2001-09-28 00:00:00-04:00,13.997210955226764,14.487680435180664,13.997210955226764,14.487680435180664,467300,0.0,0.0
2001-10-01 00:00:00-04:00,14.563139733823101,14.714053680594951,14.261313279501463,14.683870315551758,496500,0.0,0.0
2001-10-02 00:00:00-04:00,14.683864205677338,15.019647525566024,14.646136454293714,14.981918334960938,328800,0.0,0.0
2001-10-03 00:00:00-04:00,15.068695605043748,15.31770254400187,14.978148412270803,15.3026123046875,342000,0.0,0.0
2001-10-04 00:00:00-04:00,15.317707323427472,15.412028184875233,15.185658693089458,15.336572647094727,452800,0.0,0.0
2001-10-05 00:00:00-04:00,15.423349919879746,15.585581940405643,15.29884567375517,15.562944412231445,356200,0.0,0.0
2001-10-08 00:00:00-04:00,15.468619109482377,15.502574672413532,15.279977413025275,15.385616302490234,202600,0.0,0.0
2001-10-09 00:00:00-04:00,15.389391822593506,15.393164023725872,14.921559724964528,15.015880584716797,197300,0.0,0.0
2001-10-10 00:00:00-04:00,15.019651426247231,15.07624306801981,14.857419462566536,15.053606986999512,217200,0.0,0.0
2001-10-11 00:00:00-04:00,15.166789195562789,15.166789195562789,14.714048940323888,14.751776695251465,365500,0.0,0.0
2001-10-12 00:00:00-04:00,14.714051831196421,14.76309907361587,14.563137903392835,14.721597671508789,295900,0.0,0.0
2001-10-15 00:00:00-04:00,14.751781084931158,14.8272380564616,14.627278305244651,14.725371360778809,277500,0.0,0.0
2001-10-16 00:00:00-04:00,14.751783591429872,14.914015604057706,14.732919705147575,14.868741989135742,232100,0.0,0.0
2001-10-17 00:00:00-04:00,14.864964495850112,15.038514490621514,14.864964495850112,14.997013092041016,494900,0.0,0.0
2001-10-18 00:00:00-04:00,15.053607124923408,15.053607124923408,14.827236238093537,14.864965438842773,499200,0.0,0.0
2001-10-19 00:00:00-04:00,14.827240423392116,15.015882162720827,14.695191781550921,14.959290504455566,307300,0.0,0.0
2001-10-22 00:00:00-04:00,14.921561296427862,15.068701622861939,14.789512654556832,14.993246078491211,251700,0.0,0.0
2001-10-23 00:00:00-04:00,14.993244499478397,15.083791718876197,14.902695840858494,15.015880584716797,371400,0.0,0.0
2001-10-24 00:00:00-04:00,15.091336574233837,15.091336574233837,14.831011536448228,14.914012908935547,379700,0.0,0.0
2001-10-25 00:00:00-04:00,14.77064539150097,15.242249632108,14.75178007049915,15.185656547546387,361000,0.0,0.0
2001-10-26 00:00:00-04:00,15.16679205640045,15.16679205640045,14.789508679073185,14.978150367736816,253600,0.0,0.0
2001-10-29 00:00:00-05:00,15.061149577783434,15.061149577783434,14.789506563633546,14.92910099029541,787300,0.0,0.0
2001-10-30 00:00:00-05:00,15.023427609493087,15.16679573059082,14.929106742311829,15.16679573059082,479300,0.0,0.0
2001-10-31 00:00:00-05:00,15.412028096328415,15.412028096328415,15.095109946115846,15.12906551361084,409900,0.0,0.0
2001-11-01 00:00:00-05:00,15.2422456741333,15.295065105090087,15.000783156696984,15.2422456741333,324100,0.0,0.0
2001-11-02 00:00:00-05:00,15.24225420609326,15.279981980974625,14.92156236271223,15.136613845825195,374800,0.0,0.0
2001-11-05 00:00:00-05:00,15.230940552551473,15.544086672981965,15.230940552551473,15.525222778320312,476300,0.0,0.0
2001-11-06 00:00:00-05:00,15.525213082482447,15.728945032505276,15.396936663982585,15.713854789733887,505200,0.0,0.0
2001-11-07 00:00:00-05:00,15.732715543025353,15.785534980273267,15.525209994170668,15.596893310546875,204100,0.0,0.0
2001-11-08 00:00:00-05:00,15.52521307022107,15.883631162338133,15.506347748133217,15.845903396606445,370800,0.0,0.0
2001-11-09 00:00:00-05:00,15.947771977344686,15.97040950299432,15.728946880398096,15.943998336791992,484000,0.0,0.0
2001-11-12 00:00:00-05:00,15.9590923496356,15.9590923496356,15.676129714219286,15.87231731414795,315500,0.0,0.0
2001-11-13 00:00:00-05:00,15.94022027952725,15.94022027952725,15.694985545692017,15.90249252319336,268600,0.0,0.0
2001-11-14 00:00:00-05:00,15.732715714773086,15.842128229822018,15.476162926006772,15.51011848449707,538500,0.0,0.0
2001-11-15 00:00:00-05:00,15.38939470958013,15.562944778668273,15.185661268882376,15.249798774719238,513000,0.0,0.0
2001-11-16 00:00:00-05:00,15.272435402026636,15.3743021163632,15.178114530147106,15.32148265838623,290600,0.0,0.0
2001-11-19 00:00:00-05:00,15.321477507279903,15.321477507279903,15.01587746701345,15.29506778717041,473100,0.0,0.0
2001-11-20 00:00:00-05:00,15.279972928805533,15.585572905501385,15.215835461659092,15.53275203704834,440100,0.0,0.0
2001-11-21 00:00:00-05:00,15.44975909646441,15.44975909646441,15.091339495599465,15.253571510314941,399900,0.0,0.0
2001-11-23 00:00:00-05:00,15.279979929278213,15.389392476654265,15.14793129570171,15.362982749938965,160600,0.0,0.0
2001-11-26 00:00:00-05:00,15.46862030029297,15.46862030029297,15.38184528594919,15.468620300292969,317400,0.0,0.0
2001-11-27 00:00:00-05:00,15.46861404208712,15.581798735038587,15.298836283049189,15.464841842651367,231200,0.0,0.0
2001-11-28 00:00:00-05:00,15.464847653955394,15.547849025724872,15.147929531068483,15.204521179199219,494200,0.0,0.0
2001-11-29 00:00:00-05:00,15.166794760325475,15.332798957824707,15.030972489997867,15.332798957824707,303400,0.0,0.0
2001-11-30 00:00:00-05:00,15.332799762109984,15.525215134907993,15.332799762109984,15.423348426818848,484500,0.0,0.0
2001-12-03 00:00:00-05:00,15.487480213627613,15.525209409685516,15.261110794166873,15.491253852844238,324000,0.0,0.0
2001-12-04 00:00:00-05:00,15.562938892717474,15.566711093130833,15.355433328658942,15.544075012207031,724400,0.0,0.0
2001-12-05 00:00:00-05:00,15.66481129343668,15.66481129343668,15.487487585613293,15.574262619018555,395400,0.0,0.0
2001-12-06 00:00:00-05:00,15.557020888698272,15.587675819822104,15.422909219300426,15.514872550964355,506100,0.635,0.0
2001-12-07 00:00:00-05:00,15.499543867744794,15.710291386688144,15.43823547202114,15.664310455322266,290900,0.0,0.0
2001-12-10 00:00:00-05:00,15.576174013193912,15.656640978989106,15.342435383468608,15.365425109863281,276700,0.0,0.0
2001-12-11 00:00:00-05:00,15.384589488958671,15.407579221816082,15.00141168312366,15.066551208496094,320700,0.0,0.0
2001-12-12 00:00:00-05:00,15.108699811635773,15.20449425555347,14.901783461963817,15.200661659240723,443800,0.0,0.0
2001-12-13 00:00:00-05:00,15.200664712236902,15.442067168672292,15.120197713994274,15.32711410522461,271300,0.0,0.0
2001-12-14 00:00:00-05:00,15.307949807632633,15.480380069482939,15.212155380127681,15.449725151062012,382400,0.0,0.0
2001-12-17 00:00:00-05:00,15.449725124883912,15.4612199884188,15.288791188567624,15.350099563598633,258000,0.0,0.0
2001-12-18 00:00:00-05:00,15.442055826292634,15.70644928590032,15.442055826292634,15.687289237976074,278900,0.0,0.0
2001-12-19 00:00:00-05:00,15.68730293359707,16.016836166381836,15.534032648337261,16.016836166381836,503600,0.0,0.0
2001-12-20 00:00:00-05:00,15.92102615676535,15.924858750639546,15.568503529066,15.813736915588379,278000,0.0,0.0
2001-12-21 00:00:00-05:00,15.863556606798523,15.882715198541835,15.63364912075824,15.760098457336426,380700,0.0,0.0
2001-12-24 00:00:00-05:00,15.767767654129793,16.055151015055312,15.767767654129793,16.00916862487793,151800,0.0,0.0
2001-12-26 00:00:00-05:00,16.07430248680235,16.315704812230656,16.02448898371565,16.20841407775879,238600,0.0,0.0
2001-12-27 00:00:00-05:00,16.18925548786597,16.37318058190911,16.131778256480803,16.20841407775879,262500,0.0,0.0
2001-12-28 00:00:00-05:00,16.33486915192125,16.33486915192125,16.03215835525911,16.23907470703125,225000,0.0,0.0
2001-12-31 00:00:00-05:00,16.277386170738307,16.43832154159275,16.16626430297056,16.20841407775879,307900,0.0,0.0
2002-01-02 00:00:00-05:00,16.227574364972174,16.396173481759686,15.898042783910942,16.38084602355957,290800,0.0,0.0
2002-01-03 00:00:00-05:00,16.438329492018067,16.438329492018067,16.170104718671116,16.319543838500977,245300,0.0,0.0
2002-01-04 00:00:00-05:00,16.342527130421942,16.36168572031476,16.066638758503878,16.20841407775879,243000,0.0,0.0
2002-01-07 00:00:00-05:00,16.208413620635614,16.285049439752253,16.093460622813993,16.277385711669922,295600,0.0,0.0
2002-01-08 00:00:00-05:00,16.20841716898615,16.23140835826638,16.127950199065832,16.189258575439453,326800,0.0,0.0
2002-01-09 00:00:00-05:00,16.1892567202397,16.54944320744596,16.101126030658598,16.457481384277344,567900,0.0,0.0
2002-01-10 00:00:00-05:00,16.47664332315107,16.534120570589096,16.35402655954326,16.51112937927246,367900,0.0,0.0
2002-01-11 00:00:00-05:00,16.511140157272006,16.545626235904923,16.380859578181884,16.453662872314453,395900,0.0,0.0
2002-01-14 00:00:00-05:00,16.53412271754804,16.652906900507,16.46131799977855,16.591598510742188,428300,0.0,0.0
2002-01-15 00:00:00-05:00,16.606920507524666,16.760192162341745,16.603089373922312,16.679723739624023,378800,0.0,0.0
2002-01-16 00:00:00-05:00,16.683557513022038,16.80234166527158,16.64523886575853,16.675893783569336,333600,0.0,0.0
2002-01-17 00:00:00-05:00,16.675883199711418,16.691210648888788,16.50728564387836,16.568593978881836,462800,0.0,0.0
2002-01-18 00:00:00-05:00,16.560943837878114,16.664402012124615,16.495802856297484,16.65673828125,290700,0.0,0.0
2002-01-22 00:00:00-05:00,16.802355482456836,16.802355482456836,16.44983240798167,16.503477096557617,287700,0.0,0.0
2002-01-23 00:00:00-05:00,16.62990273476759,16.62990273476759,16.342519633095613,16.46896743774414,278100,0.0,0.0
2002-01-24 00:00:00-05:00,16.476648124660702,16.52646165617616,16.2850591929786,16.37318992614746,342400,0.0,0.0
2002-01-25 00:00:00-05:00,16.449820045537145,16.449820045537145,16.24673631663401,16.365520477294922,321200,0.0,0.0
2002-01-28 00:00:00-05:00,16.342533840106775,16.392345901937887,16.29272031656835,16.346364974975586,160400,0.0,0.0
2002-01-29 00:00:00-05:00,16.419169213424727,16.51113253455838,16.181599371248264,16.21608543395996,344400,0.0,0.0
2002-01-30 00:00:00-05:00,16.189254310427916,16.26589012613221,15.95934832502164,16.227571487426758,257000,0.0,0.0
2002-01-31 00:00:00-05:00,16.227573911142326,16.42682647705078,16.043648803005325,16.42682647705078,500000,0.0,0.0
2002-02-01 00:00:00-05:00,16.304210448125072,16.495799293488957,16.300379314368826,16.476640701293945,410200,0.0,0.0
2002-02-04 00:00:00-05:00,16.476641411574082,16.695052587767695,16.40000557778351,16.53411865234375,414500,0.0,0.0
2002-02-05 00:00:00-05:00,16.534121278635226,16.553279874699296,16.208419298717303,16.315710067749023,530900,0.0,0.0
2002-02-06 00:00:00-05:00,16.304211122131257,16.35019203764148,16.070472487251603,16.265893936157227,683900,0.0,0.0
2002-02-07 00:00:00-05:00,16.18925548786597,16.288881032332654,16.124115989889045,16.20841407775879,462900,0.0,0.0
2002-02-08 00:00:00-05:00,16.189253133886,16.28504753112793,16.09345873664407,16.28504753112793,321400,0.0,0.0
2002-02-11 00:00:00-05:00,16.246735805953254,16.246735805953254,15.993838570882888,16.219913482666016,411400,0.0,0.0
2002-02-12 00:00:00-05:00,16.208418610586907,16.254399531529987,16.055148386874272,16.235240936279297,725100,0.0,0.0
2002-02-13 00:00:00-05:00,16.24673963648398,16.38085128453997,16.112626526720653,16.20458984375,837200,0.0,0.0
2002-02-14 00:00:00-05:00,16.112620314709417,16.112620314709417,15.955517532538193,16.01299476623535,504400,0.0,0.0
2002-02-15 00:00:00-05:00,16.012993133402365,16.16626330478799,15.90953500032109,16.093460083007812,425700,0.0,0.0
2002-02-19 00:00:00-05:00,15.997675725970096,16.089639055929386,15.687301131778476,15.763936996459961,1272200,0.0,0.0
2002-02-20 00:00:00-05:00,15.69112682096697,15.702621684010966,15.327107720269197,15.698790550231934,1051600,0.0,0.0
2002-02-21 00:00:00-05:00,15.698796325999641,15.74477725679943,15.480385077566346,15.530197143554688,862700,0.0,0.0
2002-02-22 00:00:00-05:00,15.53019976207016,15.53019976207016,15.346274546152308,15.480387687683105,1420900,0.0,0.0
2002-02-25 00:00:00-05:00,15.42291147584643,15.426742611943663,15.181508973902828,15.296462059020996,1414700,0.0,0.0
2002-02-26 00:00:00-05:00,15.323272880324998,15.338598873441201,15.135515213012695,15.135515213012695,1973200,0.0,0.0
2002-02-27 00:00:00-05:00,15.231314929720307,15.595334069438682,15.231314929720307,15.557015419006348,3970200,0.0,0.0
2002-02-28 00:00:00-05:00,15.622158279665204,15.698794128073661,15.488045179523594,15.610663414001465,960000,0.0,0.0
2002-03-01 00:00:00-05:00,15.710290422622794,15.901879330215754,15.671973225787148,15.871224403381348,1018200,0.0,0.0
2002-03-04 00:00:00-05:00,15.844397791957698,16.116455078125,15.77542568692452,16.116455078125,900000,0.0,0.0
2002-03-05 00:00:00-05:00,16.058977623800786,16.300379988216633,15.986174385767347,16.265893936157227,806800,0.0,0.0
2002-03-06 00:00:00-05:00,16.40000843702377,16.610755920410156,16.250569339017197,16.610755920410156,1865200,0.0,0.0
2002-03-07 00:00:00-05:00,16.54659266218997,16.72158630391837,16.352155612144408,16.433818817138672,1671100,0.635,0.0
2002-03-08 00:00:00-05:00,16.449382932713497,16.480493589405516,16.134395692614493,16.153839111328125,780600,0.0,0.0
2002-03-11 00:00:00-05:00,16.13828098079,16.328830011347975,16.002175589989665,16.169391632080078,402900,0.0,0.0
2002-03-12 00:00:00-05:00,16.23549464832653,16.23549464832653,16.002170767713423,16.041057586669922,665500,0.0,0.0
2002-03-13 00:00:00-05:00,15.924392575378429,16.177159816724163,15.908837257420817,16.087718963623047,500100,0.0,0.0
2002-03-14 00:00:00-05:00,15.982725874798119,16.103277387062555,15.955504804841159,16.041057586669922,655900,0.0,0.0
2002-03-15 00:00:00-05:00,15.990505655040778,16.060503125191257,15.881621360778809,15.881621360778809,896600,0.0,0.0
2002-03-18 00:00:00-05:00,15.7882810534554,15.912720593080632,15.691062570408418,15.90494441986084,541500,0.0,0.0
2002-03-19 00:00:00-05:00,15.943840834181765,16.08383577153917,15.936063172835551,16.00994873046875,420000,0.0,0.0
2002-03-20 00:00:00-05:00,15.990501529346233,16.03716748636448,15.788286832577766,16.0216121673584,470300,0.0,0.0
2002-03-21 00:00:00-05:00,16.021614523998913,16.216051589864342,15.982726220763574,16.212162017822266,481500,0.0,0.0
2002-03-22 00:00:00-05:00,16.138272858237098,16.266602005063085,16.111051793777662,16.161605834960938,625900,0.0,0.0
2002-03-25 00:00:00-05:00,16.161607617823513,16.181051025519892,15.986613981682234,16.130496978759766,478600,0.0,0.0
2002-03-26 00:00:00-05:00,16.177154541015625,16.254929622002834,16.0682703176953,16.177154541015625,428900,0.0,0.0
2002-03-27 00:00:00-05:00,16.181051940273978,16.42215347290039,16.099388733270402,16.42215347290039,638200,0.0,0.0
2002-03-28 00:00:00-05:00,16.56603505543967,16.624366760253906,16.44937312924807,16.624366760253906,419700,0.0,0.0
2002-04-01 00:00:00-05:00,16.585469175460616,16.585469175460616,16.352143991161043,16.394920349121094,318400,0.0,0.0
2002-04-02 00:00:00-05:00,16.387153729858525,16.44937352421714,16.321045847356142,16.406597137451172,425400,0.0,0.0
2002-04-03 00:00:00-05:00,16.410484313964844,16.433815806296085,16.332709211508416,16.410484313964844,450500,0.0,0.0
2002-04-04 00:00:00-05:00,16.410477032077274,16.624357356348945,16.38325598081194,16.468807220458984,262900,0.0,0.0
2002-04-05 00:00:00-05:00,16.449382580793817,16.54271306543539,16.37160742416546,16.398828506469727,285400,0.0,0.0
2002-04-08 00:00:00-04:00,16.321037857655483,16.511585235595703,16.262706179995963,16.511585235595703,476000,0.0,0.0
2002-04-09 00:00:00-04:00,16.51549190271814,16.51549190271814,16.313277089844078,16.39105224609375,338700,0.0,0.0
2002-04-10 00:00:00-04:00,16.391039885377523,16.682695388793945,16.313264787779158,16.682695388793945,317500,0.0,0.0
2002-04-11 00:00:00-04:00,16.682703554758053,16.682703554758053,16.336604275206106,16.37160301208496,585700,0.0,0.0
2002-04-12 00:00:00-04:00,16.33271159522435,16.406597137451172,16.23938116196797,16.406597137451172,312900,0.0,0.0
2002-04-15 00:00:00-04:00,16.332715163759573,16.37160198744125,16.23549662111815,16.254940032958984,329200,0.0,0.0
2002-04-16 00:00:00-04:00,16.34437421249283,16.426038882238963,16.274376771817074,16.35215187072754,405900,0.0,0.0
2002-04-17 00:00:00-04:00,16.356042566497816,16.468814910065777,16.301598955110336,16.38715171813965,309200,0.0,0.0
2002-04-18 00:00:00-04:00,16.391040344968477,16.50381268203972,16.328820561832515,16.4843692779541,209700,0.0,0.0
2002-04-19 00:00:00-04:00,16.50380873935004,16.562140421108346,16.429923228100968,16.558252334594727,204200,0.0,0.0
2002-04-22 00:00:00-04:00,16.558257038537484,16.597143848465965,16.44159364187862,16.542701721191406,259100,0.0,0.0
2002-04-23 00:00:00-04:00,16.604925462740255,16.811028274644798,16.54659375051513,16.66325569152832,488000,0.0,0.0
2002-04-24 00:00:00-04:00,16.663251152186366,16.737138165335107,16.581587964067225,16.616586685180664,284900,0.0,0.0
2002-04-25 00:00:00-04:00,16.566033763779394,16.569923334963406,16.352153335198324,16.457149505615234,275400,0.0,0.0
2002-04-26 00:00:00-04:00,16.554368142899296,16.554368142899296,16.15771643501125,16.2938232421875,437900,0.0,0.0
2002-04-29 00:00:00-04:00,16.235486222615105,16.324927046547696,16.11882434285243,16.177154541015625,648600,0.0,0.0
2002-04-30 00:00:00-04:00,16.1382827585999,16.27438816439375,16.09939592364099,16.239389419555664,832800,0.0,0.0
2002-05-01 00:00:00-04:00,16.33270380506934,16.371590601706927,16.177153651646577,16.286039352416992,315000,0.0,0.0
2002-05-02 00:00:00-04:00,16.33271005370256,16.336598141479357,16.130495370263354,16.2938232421875,364900,0.0,0.0
2002-05-03 00:00:00-04:00,16.391040053420596,16.426038773526844,16.157714758233418,16.33270835876465,239400,0.0,0.0
2002-05-06 00:00:00-04:00,16.4454830358984,16.643808137897427,16.278267084819927,16.410484313964844,371500,0.0,0.0
2002-05-07 00:00:00-04:00,16.5504802062462,16.5504802062462,16.301599566592248,16.41437339782715,336500,0.0,0.0
2002-05-08 00:00:00-04:00,16.410487215016367,16.63214533196813,16.243271234377396,16.620479583740234,388700,0.0,0.0
2002-05-09 00:00:00-04:00,16.62047536801233,16.76435833226312,16.566031762072022,16.63214111328125,312800,0.0,0.0
2002-05-10 00:00:00-04:00,16.643806128854727,16.756579939631994,16.527144230970475,16.58547592163086,669300,0.0,0.0
2002-05-13 00:00:00-04:00,16.589365695375374,16.779914618594056,16.484369531573652,16.729360580444336,331700,0.0,0.0
2002-05-14 00:00:00-04:00,16.72936208382294,16.943242518148963,16.702141018550726,16.93546485900879,567300,0.0,0.0
2002-05-15 00:00:00-04:00,16.83825323337871,16.99380351294366,16.760478093596234,16.88880729675293,478500,0.0,0.0
2002-05-16 00:00:00-04:00,16.892684093297298,16.90046175041986,16.725468173753285,16.826576232910156,620800,0.0,0.0
2002-05-17 00:00:00-04:00,16.79936111517724,16.88880197855955,16.608812156884895,16.87713623046875,670900,0.0,0.0
2002-05-20 00:00:00-04:00,16.838245259155826,17.192120568312987,16.81880185427753,17.106569290161133,557400,0.0,0.0
2002-05-21 00:00:00-04:00,17.106572925713618,17.30489807111978,17.07157419611994,17.168792724609375,352200,0.0,0.0
2002-05-22 00:00:00-04:00,17.16878770409084,17.491552352905273,17.16878770409084,17.491552352905273,381900,0.0,0.0
2002-05-23 00:00:00-04:00,17.491555001248344,17.59655117522342,17.382670739394253,17.54988670349121,485600,0.0,0.0
2002-05-24 00:00:00-04:00,17.549881885441952,17.573213373184352,17.30877896690354,17.440996170043945,333700,0.0,0.0
2002-05-28 00:00:00-04:00,17.32433711346842,17.46433199655692,17.246562013592964,17.343780517578125,271200,0.0,0.0
2002-05-29 00:00:00-04:00,17.30489013074047,17.347666500997736,17.075454449444887,17.11823081970215,335500,0.0,0.0
2002-05-30 00:00:00-04:00,17.091009816007393,17.1882283001901,16.884905620803337,16.9432373046875,257100,0.0,0.0
2002-05-31 00:00:00-04:00,16.95490760958534,17.09101441412069,16.916020798824807,17.00157356262207,592700,0.0,0.0
2002-06-03 00:00:00-04:00,17.001571708975003,17.00934936696648,16.616585797298303,16.63214111328125,572500,0.0,0.0
2002-06-04 00:00:00-04:00,16.721582412719727,16.818800915119258,16.655474543137622,16.721582412719727,1143900,0.0,0.0
2002-06-05 00:00:00-04:00,16.741024711260355,16.741024711260355,16.422148163117225,16.593252182006836,931600,0.0,0.0
2002-06-06 00:00:00-04:00,16.630760896136504,16.689972289594493,16.239959073588825,16.27153968811035,481200,0.635,0.0
2002-06-07 00:00:00-04:00,16.192585234174683,16.196532056988392,15.868891552988353,15.97942066192627,750400,0.0,0.0
2002-06-10 00:00:00-04:00,16.026792973294125,16.236010760695454,15.939949303017512,16.17679786682129,482500,0.0,0.0
2002-06-11 00:00:00-04:00,16.1767901216107,16.397849779608155,16.164948150844207,16.18073844909668,462500,0.0,0.0
2002-06-12 00:00:00-04:00,16.239961288455564,16.445230793301157,16.23206613374841,16.378124237060547,333100,0.0,0.0
2002-06-13 00:00:00-04:00,16.38996823238316,16.638660365787157,16.358387609669713,16.397863388061523,328400,0.0,0.0
2002-06-14 00:00:00-04:00,16.457077701038934,16.457077701038934,16.070224039613446,16.299179077148438,352600,0.0,0.0
2002-06-17 00:00:00-04:00,16.28337288299171,16.461009979248047,16.204422895117144,16.461009979248047,350800,0.0,0.0
2002-06-18 00:00:00-04:00,16.500493681745535,16.697868011684708,16.500493681745535,16.638656616210938,441200,0.0,0.0
2002-06-19 00:00:00-04:00,16.61890985730206,16.816284090789477,16.461011374019666,16.488643646240234,296500,0.0,0.0
2002-06-20 00:00:00-04:00,16.599169284298323,16.77680635867696,16.480745069994423,16.571537017822266,460100,0.0,0.0
2002-06-21 00:00:00-04:00,16.421538467278907,16.757075625814842,16.40180134168177,16.717599868774414,990300,0.0,0.0
2002-06-24 00:00:00-04:00,16.757072980370236,16.816284347813923,16.421535874805652,16.575489044189453,377100,0.0,0.0
2002-06-25 00:00:00-04:00,16.579434208137016,16.618908449151416,16.378113169610348,16.461009979248047,507800,0.0,0.0
2002-06-26 00:00:00-04:00,16.464964655654533,16.55575665797677,16.29917095728693,16.52417755126953,500900,0.0,0.0
2002-06-27 00:00:00-04:00,16.63865578723102,16.757080078125,16.484702552637632,16.757080078125,603900,0.0,0.0
2002-06-28 00:00:00-04:00,16.816281645535817,17.009709028799424,16.78470255580961,16.97812843322754,405800,0.0,0.0
2002-07-01 00:00:00-04:00,16.9702421292197,17.01366320814063,16.753129205383388,16.764972686767578,447900,0.0,0.0
2002-07-02 00:00:00-04:00,16.678128630076483,16.729446370575257,16.42154143342904,16.532072067260742,437200,0.0,0.0
2002-07-03 00:00:00-04:00,16.461027077534325,16.717612922338567,16.346549551499173,16.393918991088867,411300,0.0,0.0
2002-07-05 00:00:00-04:00,16.38206846822397,16.689971923828125,16.25180069494741,16.689971923828125,179700,0.0,0.0
2002-07-08 00:00:00-04:00,16.678122834971727,16.717597079580045,16.539961472996715,16.66233253479004,478600,0.0,0.0
2002-07-09 00:00:00-04:00,16.662334710351203,16.79654926772782,16.066265106201172,16.066265106201172,418100,0.0,0.0
2002-07-10 00:00:00-04:00,16.046529579573466,16.121531263930677,15.339929295187572,15.407035827636719,678300,0.0,0.0
2002-07-11 00:00:00-04:00,15.31624303859594,15.928102973937944,15.197818777859776,15.801783561706543,547000,0.0,0.0
2002-07-12 00:00:00-04:00,15.710991579939149,15.860996446672088,15.335980166029891,15.849154472351074,1213000,0.0,0.0
2002-07-15 00:00:00-04:00,15.75047743950937,16.33075714111328,15.118878467342618,16.33075714111328,1209000,0.0,0.0
2002-07-16 00:00:00-04:00,16.291279498091754,16.48075869883785,15.762316164649672,15.813633918762207,1099800,0.0,0.0
2002-07-17 00:00:00-04:00,15.892574193637715,16.23205814983241,15.734675694699144,15.896522521972656,1066600,0.0,0.0
2002-07-18 00:00:00-04:00,15.837309233743897,15.947839836570294,15.703094684905134,15.714938163757324,676400,0.0,0.0
2002-07-19 00:00:00-04:00,15.616253334200927,15.62020015716754,14.842545024123094,14.992549896240234,877900,0.0,0.0
2002-07-22 00:00:00-04:00,15.099132798976406,15.316244211256482,14.905705337149177,15.260979652404785,783800,0.0,0.0
2002-07-23 00:00:00-04:00,15.296504689625056,15.43466606512841,14.34910766780018,14.428057670593262,1040000,0.0,0.0
2002-07-24 00:00:00-04:00,13.717514397963038,15.738626889061877,13.705672421360845,15.69125747680664,1212200,0.0,0.0
2002-07-25 00:00:00-04:00,15.65178395961779,16.579442648315897,15.418882205038537,16.47286033630371,1001500,0.0,0.0
2002-07-26 00:00:00-04:00,16.472853229115845,16.614962917152415,16.153106431033564,16.2675838470459,809200,0.0,0.0
2002-07-29 00:00:00-04:00,16.757078193886386,16.776815322508295,16.26364244910673,16.38206672668457,886100,0.0,0.0
2002-07-30 00:00:00-04:00,16.322854326810585,17.491311350099863,16.29917037408921,17.30183219909668,1135400,0.0,0.0
2002-07-31 00:00:00-04:00,17.301826987266892,17.66499487416431,16.599173653213136,17.25050926208496,1281200,0.0,0.0
2002-08-01 00:00:00-04:00,17.230777712399036,17.50710053926922,16.820238789839802,16.986032485961914,960000,0.0,0.0
2002-08-02 00:00:00-04:00,17.072873708362295,17.191297964707722,16.8162865647421,16.94260597229004,544700,0.0,0.0
2002-08-05 00:00:00-04:00,16.903138163770524,17.471575714363127,16.839978435926902,17.0018253326416,776400,0.0,0.0
2002-08-06 00:00:00-04:00,17.08077066868113,17.562364402119652,17.061033541507445,17.32156753540039,629100,0.0,0.0
2002-08-07 00:00:00-04:00,17.507094086510648,17.570253781636808,17.230771361487395,17.368932723999023,535300,0.0,0.0
2002-08-08 00:00:00-04:00,17.38866882908419,17.50709306228678,16.962341288385684,17.4478816986084,495200,0.0,0.0
2002-08-09 00:00:00-04:00,17.48735988162547,17.60578414151354,17.183403327543527,17.443937301635742,770400,0.0,0.0
2002-08-12 00:00:00-04:00,17.364986620094697,17.763681929722917,17.230772074169618,17.759735107421875,476700,0.0,0.0
2002-08-13 00:00:00-04:00,17.759739637787185,17.759739637787185,17.203144188906727,17.222881317138672,777200,0.0,0.0
2002-08-14 00:00:00-04:00,17.222880057737118,17.601838313126507,17.104455791158717,17.56631088256836,619700,0.0,0.0
2002-08-15 00:00:00-04:00,17.605779395882948,17.720256802117415,17.293929280267545,17.388668060302734,691900,0.0,0.0
2002-08-16 00:00:00-04:00,17.368932719034515,17.38866984140969,17.203139084067953,17.345247268676758,488800,0.0,0.0
2002-08-19 00:00:00-04:00,17.282093788582404,17.45578414197693,17.222882400163186,17.364992141723633,603300,0.0,0.0
2002-08-20 00:00:00-04:00,17.368937809602933,17.52288951743445,17.211037772631638,17.376832962036133,403500,0.0,0.0
2002-08-21 00:00:00-04:00,17.38867407407715,17.68473549930836,17.270249805153924,17.672893524169922,707000,0.0,0.0
2002-08-22 00:00:00-04:00,17.72421062185033,17.818949431241986,17.617628331900047,17.657102584838867,932600,0.0,0.0
2002-08-23 00:00:00-04:00,17.6571042164978,17.6571042164978,17.3689379270461,17.37288475036621,574100,0.0,0.0
2002-08-26 00:00:00-04:00,17.4084146424076,17.605788964910392,17.4084146424076,17.54262924194336,758400,0.0,0.0
2002-08-27 00:00:00-04:00,17.586043421972047,17.783417650065665,17.451828886634555,17.50709342956543,780100,0.0,0.0
2002-08-28 00:00:00-04:00,17.46762742397403,17.66105492129787,17.380782240786196,17.54657745361328,722800,0.0,0.0
2002-08-29 00:00:00-04:00,17.52684471345631,17.55447700487545,17.24262513789149,17.27420425415039,523000,0.0,0.0
2002-08-30 00:00:00-04:00,17.234716413361234,17.59393742483999,17.124187334704928,17.388668060302734,491300,0.0,0.0
2002-09-03 00:00:00-04:00,17.289987573701538,17.293935902791663,16.867606711837926,16.914976119995117,885400,0.0,0.0
2002-09-04 00:00:00-04:00,16.36232861606655,17.03340148986127,16.263641473033392,16.658390045166016,2420000,0.0,0.0
2002-09-05 00:00:00-04:00,16.66628222557098,16.855761325707356,16.66628222557098,16.843917846679688,2638100,0.0,0.0
2002-09-06 00:00:00-04:00,16.895240411333955,17.203145354836476,16.88734525833682,17.139984130859375,1119300,0.0,0.0
2002-09-09 00:00:00-04:00,17.22611315609383,17.246143214589726,17.02180411432293,17.129966735839844,1031700,0.635,0.0
2002-09-10 00:00:00-04:00,17.145990934465296,17.145990934465296,16.82951082284599,16.92165184020996,885000,0.0,0.0
2002-09-11 00:00:00-04:00,16.90563166157906,17.057862893152983,16.64924318410458,16.857559204101562,340100,0.0,0.0
2002-09-12 00:00:00-04:00,16.849542480573653,16.881590267805347,16.324746401919846,16.384838104248047,425500,0.0,0.0
2002-09-13 00:00:00-04:00,16.304719208702963,16.825508450336123,16.244627495816324,16.717344284057617,546500,0.0,0.0
2002-09-16 00:00:00-04:00,16.625201555568903,16.877584561295155,16.428903322627278,16.841529846191406,540100,0.0,0.0
2002-09-17 00:00:00-04:00,16.96170928739228,17.00176939700759,16.464955675908254,16.484987258911133,540700,0.0,0.0
2002-09-18 00:00:00-04:00,16.489004240968196,17.16603034947988,16.424907103642806,17.0378360748291,726700,0.0,0.0
2002-09-19 00:00:00-04:00,16.97373659946422,17.125967852716606,16.745390483683686,17.029821395874023,789900,0.0,0.0
2002-09-20 00:00:00-04:00,17.029826265739942,17.03383319702709,16.440934206840765,16.853559494018555,1248800,0.0,0.0
2002-09-23 00:00:00-04:00,16.853549441971303,16.913641149865523,16.448936730496477,16.68529510498047,602400,0.0,0.0
2002-09-24 00:00:00-04:00,16.545083897225346,16.617193345304635,16.16450659418373,16.42890739440918,757900,0.0,0.0
2002-09-25 00:00:00-04:00,16.529062549416658,17.045846521519444,16.448942282774226,16.725360870361328,738200,0.0,0.0
2002-09-26 00:00:00-04:00,16.785447518435564,17.222109563544333,16.785447518435564,17.16602325439453,772900,0.0,0.0
2002-09-27 00:00:00-04:00,17.121957848878015,17.166023371216387,16.645234151132232,16.777435302734375,797700,0.0,0.0
2002-09-30 00:00:00-04:00,16.773427674177547,16.877586430768115,16.436917472000268,16.68529510498047,1376000,0.0,0.0
2002-10-01 00:00:00-04:00,16.68529284856744,17.101923234000417,16.48498922026865,16.985748291015625,1426700,0.0,0.0
2002-10-02 00:00:00-04:00,16.985750990921908,17.097920551576195,16.637221521982127,16.73737335205078,525000,0.0,0.0
2002-10-03 00:00:00-04:00,16.74539318991452,16.96572700921675,16.585151106874868,16.773435592651367,543200,0.0,0.0
2002-10-04 00:00:00-04:00,16.777432900789492,16.777432900789492,16.248631426478244,16.46495819091797,894700,0.0,0.0
2002-10-07 00:00:00-04:00,16.4649579516079,16.941681574174495,16.40486777887959,16.533061981201172,752800,0.0,0.0
2002-10-08 00:00:00-04:00,16.53306236761001,16.741378333300172,15.763895607508216,16.384838104248047,1352100,0.0,0.0
2002-10-09 00:00:00-04:00,16.388852659762172,16.404877326427496,15.52354052638691,15.527545928955078,1402400,0.0,0.0
2002-10-10 00:00:00-04:00,15.787939127723941,16.505026811112288,15.711824264378427,16.372825622558594,1851900,0.0,0.0
2002-10-11 00:00:00-04:00,16.745385604022886,16.75740486274831,16.184536275162117,16.42490005493164,1202300,0.0,0.0
2002-10-14 00:00:00-04:00,16.42890446438826,16.585142592826237,15.803958063418559,16.444929122924805,934300,0.0,0.0
2002-10-15 00:00:00-04:00,16.70533276753355,16.70533276753355,16.505029020988054,16.573131561279297,743700,0.0,0.0
2002-10-16 00:00:00-04:00,16.57311736864639,16.64923370519597,16.2245895760191,16.32474136352539,567400,0.0,0.0
2002-10-17 00:00:00-04:00,16.585144657388994,16.725356616548833,16.268664488775944,16.565113067626953,713400,0.0,0.0
2002-10-18 00:00:00-04:00,16.10441240514846,16.565109844311685,15.787932298117562,16.344776153564453,1434100,0.0,0.0
2002-10-21 00:00:00-04:00,16.36080709524241,16.72135438454979,16.24463057666603,16.629213333129883,806900,0.0,0.0
2002-10-22 00:00:00-04:00,16.4649593490067,16.82550652875832,16.02829733272777,16.216583251953125,1041800,0.0,0.0
2002-10-23 00:00:00-04:00,16.36480704593659,16.49700818404525,16.10441322657019,16.204565048217773,951900,0.0,0.0
2002-10-24 00:00:00-04:00,16.224596825046092,16.38484036792976,16.076372541205895,16.128450393676758,1419500,0.0,0.0
2002-10-25 00:00:00-04:00,16.17652514702013,16.27267005479143,16.0443239885899,16.180530548095703,575300,0.0,0.0
2002-10-28 00:00:00-05:00,16.284682370948538,16.464954378204308,16.148475869518446,16.272663116455078,775700,0.0,0.0
2002-10-29 00:00:00-05:00,16.28469176370777,16.404873680595724,15.920139083169907,16.14848518371582,718500,0.0,0.0
2002-10-30 00:00:00-05:00,16.188543176801016,16.35279213145024,16.104415998901707,16.220592498779297,551300,0.0,0.0
2002-10-31 00:00:00-05:00,16.26466005347224,16.360806503207044,16.10041107833043,16.184539794921875,540900,0.0,0.0
2002-11-01 00:00:00-05:00,16.164502415613466,16.244624173678286,16.07636985711805,16.224594116210938,899400,0.0,0.0
2002-11-04 00:00:00-05:00,16.228602837447603,16.68529649341623,16.11242786908477,16.565113067626953,1427500,0.0,0.0
2002-11-05 00:00:00-05:00,16.5050193266332,16.5050193266332,16.324745754988115,16.44893455505371,845900,0.0,0.0
2002-11-06 00:00:00-05:00,16.484994803690775,16.625206779711174,16.46095781000331,16.525054931640625,657500,0.0,0.0
2002-11-07 00:00:00-05:00,16.456948609510437,16.456948609510437,15.92414016723633,16.0242919921875,715500,0.0,0.0
2002-11-08 00:00:00-05:00,15.984235626929115,16.25264184729196,15.783931929991136,15.888089179992676,475800,0.0,0.0
2002-11-11 00:00:00-05:00,15.888086063912388,15.98423249199193,15.647722286006974,15.980225563049316,484200,0.0,0.0
2002-11-12 00:00:00-05:00,16.044319554262625,16.144471363625307,15.683773957474168,15.727839469909668,775200,0.0,0.0
2002-11-13 00:00:00-05:00,15.731842350576883,16.04431542637271,15.731842350576883,15.984225273132324,464600,0.0,0.0
2002-11-14 00:00:00-05:00,16.08438287850616,16.19655242771085,15.904109297144707,15.992241859436035,810800,0.0,0.0
2002-11-15 00:00:00-05:00,16.004264524205105,16.124446427966937,15.864051029653119,16.11643409729004,794800,0.0,0.0
2002-11-18 00:00:00-05:00,16.384841232870382,16.384841232870382,16.076373389862784,16.140470504760742,773300,0.0,0.0
2002-11-19 00:00:00-05:00,16.080377910930448,16.19254747381425,16.004263068715822,16.12444496154785,337900,0.0,0.0
2002-11-20 00:00:00-05:00,16.0843857202495,16.22860308262308,15.908117508133293,16.140470504760742,427000,0.0,0.0
2002-11-21 00:00:00-05:00,16.18053131688322,16.328755614854092,16.124446529985903,16.23261070251465,539900,0.0,0.0
2002-11-22 00:00:00-05:00,16.292701558799397,16.505024511297822,16.168514247918694,16.47698211669922,902500,0.0,0.0
2002-11-25 00:00:00-05:00,16.47697585031916,16.5851399861474,16.264652978569522,16.50501823425293,1092400,0.0,0.0
2002-11-26 00:00:00-05:00,16.509029912727957,16.56110930049503,16.424902728932146,16.47698211669922,575700,0.0,0.0
2002-11-27 00:00:00-05:00,16.505017591677518,16.58113241250653,16.44893282599348,16.569114685058594,698700,0.0,0.0
2002-11-29 00:00:00-05:00,16.585144657388994,16.589150058423957,16.505022882928056,16.565113067626953,267100,0.0,0.0
2002-12-02 00:00:00-05:00,16.384843858160348,16.59315836880944,16.384843858160348,16.545085906982422,766500,0.0,0.0
2002-12-03 00:00:00-05:00,16.549085853865627,16.85755361613701,16.545078925623134,16.825504302978516,735100,0.0,0.0
2002-12-04 00:00:00-05:00,16.665261417541092,16.825504932942522,16.380830629489203,16.412879943847656,910900,0.0,0.0
2002-12-05 00:00:00-05:00,16.444925373905715,16.597156538906997,16.248628700268064,16.404865264892578,565000,0.0,0.0
2002-12-06 00:00:00-05:00,16.344778169235315,16.344778169235315,16.152486841149678,16.30872344970703,540300,0.0,0.0
2002-12-09 00:00:00-05:00,16.318889857408426,16.624106013487708,16.318889857408426,16.412490844726562,693000,0.635,0.0
2002-12-10 00:00:00-05:00,16.404359504624523,16.51423756030981,16.306689604323022,16.477611541748047,365300,0.0,0.0
2002-12-11 00:00:00-05:00,16.469467677969398,16.644458434430916,16.379937090270023,16.579345703125,442000,0.0,0.0
2002-12-12 00:00:00-05:00,16.644466524556016,16.807247655736397,16.571214472181094,16.803178787231445,462300,0.0,0.0
2002-12-13 00:00:00-05:00,16.80724259915982,17.13280631598318,16.803173731879017,17.07176399230957,721800,0.0,0.0
2002-12-16 00:00:00-05:00,17.07583928436683,17.07583928436683,16.502032532442932,16.786901473999023,1931900,0.0,0.0
2002-12-17 00:00:00-05:00,16.782820256901992,16.92932271249431,16.770610554628693,16.8682804107666,648200,0.0,0.0
2002-12-18 00:00:00-05:00,16.786890554572633,16.929324156495984,16.725846695228437,16.89676856994629,449900,0.0,0.0
2002-12-19 00:00:00-05:00,16.900837459061304,16.93339459806504,16.685151846595964,16.921186447143555,1683200,0.0,0.0
2002-12-20 00:00:00-05:00,16.929327521572446,17.22640604019461,16.89270150916767,16.949676513671875,1700400,0.0,0.0
2002-12-23 00:00:00-05:00,16.90897886661863,17.04327475325422,16.61190192175781,16.660736083984375,659300,0.0,0.0
2002-12-24 00:00:00-05:00,16.693291808662305,16.72991781532266,16.62410866167724,16.656665802001953,228100,0.0,0.0
2002-12-26 00:00:00-05:00,16.721783340568752,16.90491342655125,16.68922619087838,16.876426696777344,348300,0.0,0.0
2002-12-27 00:00:00-05:00,16.876424141227826,16.91711901976814,16.774685392466935,16.860145568847656,386200,0.0,0.0
2002-12-30 00:00:00-05:00,16.92119721100708,17.047352323871404,16.81945841551736,17.01886558532715,489000,0.0,0.0
2002-12-31 00:00:00-05:00,17.051415881001265,17.108389335155138,16.876425099008546,16.9171199798584,432500,0.0,0.0
2003-01-02 00:00:00-05:00,16.990372828924716,17.206058502197266,16.888634069470076,17.206058502197266,480000,0.0,0.0
2003-01-03 00:00:00-05:00,17.214195636611354,17.44209098815918,17.157222186826917,17.44209098815918,548000,0.0,0.0
2003-01-06 00:00:00-05:00,17.539762379544175,18.20309955878586,17.503136362226282,18.18682098388672,1117700,0.0,0.0
2003-01-07 00:00:00-05:00,18.190896003136555,18.190896003136555,17.499071919108264,17.560115814208984,949600,0.0,0.0
2003-01-08 00:00:00-05:00,17.478723498732545,17.722895960724053,17.478723498732545,17.592670440673828,447100,0.0,0.0
2003-01-09 00:00:00-05:00,17.40138951462086,17.499059366236835,17.15721721419536,17.201982498168945,1017700,0.0,0.0
2003-01-10 00:00:00-05:00,17.19791971014307,17.19791971014307,17.035138621776635,17.088043212890625,679000,0.0,0.0
2003-01-13 00:00:00-05:00,17.09210783198572,17.09210783198572,16.729918176312566,16.746196746826172,1480100,0.0,0.0
2003-01-14 00:00:00-05:00,16.750261525843026,16.750261525843026,16.363654108739578,16.56306266784668,3810700,0.0,0.0
2003-01-15 00:00:00-05:00,16.705502842570638,16.88863290747103,16.68515540256174,16.82758903503418,3213600,0.0,0.0
2003-01-16 00:00:00-05:00,16.888633384664175,16.888633384664175,16.754337482472597,16.799102783203125,1127400,0.0,0.0
2003-01-17 00:00:00-05:00,16.827585680519952,16.84793466888252,16.61597048371991,16.709569931030273,797200,0.0,0.0
2003-01-21 00:00:00-05:00,16.807243009707086,16.81945271666826,16.599696620290704,16.6037654876709,590200,0.0,0.0
2003-01-22 00:00:00-05:00,16.62411003542139,16.64852789268271,16.327033091253767,16.522371292114258,868300,0.0,0.0
2003-01-23 00:00:00-05:00,16.5223702147908,16.677013529209095,16.502022777938112,16.58341407775879,569300,0.0,0.0
2003-01-24 00:00:00-05:00,16.420630588518005,16.587482045526635,16.22529241097692,16.294475555419922,677900,0.0,0.0
2003-01-27 00:00:00-05:00,16.298544414720205,16.298544414720205,15.830547183020478,15.899728775024414,1035300,0.0,0.0
2003-01-28 00:00:00-05:00,16.050299043228783,16.213081607418747,16.025882745287,16.11541175842285,1003900,0.0,0.0
2003-01-29 00:00:00-05:00,16.082861297429652,16.2375046274039,15.960775111622647,16.172391891479492,768100,0.0,0.0
2003-01-30 00:00:00-05:00,16.172395704822765,16.278203343494887,16.013681918198916,16.03403091430664,829500,0.0,0.0
2003-01-31 00:00:00-05:00,16.034029484244524,16.160184555362257,15.93229072242168,16.005542755126953,977400,0.0,0.0
2003-02-03 00:00:00-05:00,16.05437582341228,16.24564362686275,16.02588909625135,16.15611457824707,554000,0.0,0.0
2003-02-04 00:00:00-05:00,16.15610861973848,16.15610861973848,15.972978618093697,15.997396469116211,620100,0.0,0.0
2003-02-05 00:00:00-05:00,16.095071623498633,16.111350197780244,15.956706846925524,15.993332862854004,538700,0.0,0.0
2003-02-06 00:00:00-05:00,15.99332954004285,16.123555002419213,15.956703531723877,15.98926067352295,439100,0.0,0.0
2003-02-07 00:00:00-05:00,16.04216586638544,16.111349025844774,15.635210853408719,15.639281272888184,663800,0.0,0.0
2003-02-10 00:00:00-05:00,15.663700743703949,15.883455293483616,15.663700743703949,15.850899696350098,611400,0.0,0.0
2003-02-11 00:00:00-05:00,15.741021609345568,15.911941986829873,15.44394460628213,15.492778778076172,879800,0.0,0.0
2003-02-12 00:00:00-05:00,15.574167541678763,15.635209858294083,15.232325290438716,15.443942070007324,1035800,0.0,0.0
2003-02-13 00:00:00-05:00,15.468355482744137,15.891588962726765,15.289295880786774,15.789850234985352,1018800,0.0,0.0
2003-02-14 00:00:00-05:00,16.15611331939587,16.17646075829536,15.899731242514104,16.172391891479492,1094900,0.0,0.0
2003-02-18 00:00:00-05:00,16.253781310029286,16.253781310029286,16.07472167805277,16.196807861328125,579100,0.0,0.0
2003-02-19 00:00:00-05:00,16.225298234805162,16.25378496556251,15.932291639528113,16.013681411743164,854200,0.0,0.0
2003-02-20 00:00:00-05:00,16.05438088222619,16.184606405256606,15.94450280609227,15.977058410644531,545400,0.0,0.0
2003-02-21 00:00:00-05:00,15.993327185237867,16.25784848997321,15.93228488196722,16.074718475341797,443900,0.0,0.0
2003-02-24 00:00:00-05:00,16.09914140278067,16.14390515165877,15.83055114746094,15.830551147460938,564300,0.0,0.0
2003-02-25 00:00:00-05:00,15.83054503481977,16.029952051403267,15.732875183139344,15.997396469116211,580200,0.0,0.0
2003-02-26 00:00:00-05:00,15.895660974171854,15.993329293241974,15.692183498297503,15.781712532043457,540300,0.0,0.0
2003-02-27 00:00:00-05:00,15.810203259420282,15.997403764476765,15.810203259420282,15.850899696350098,550700,0.0,0.0
2003-02-28 00:00:00-05:00,15.91194553985471,15.944502696594073,15.76951186014669,15.867181777954102,464500,0.0,0.0
2003-03-03 00:00:00-05:00,15.932286399247976,16.058441436133954,15.871242537754199,15.928215980529785,312100,0.0,0.0
2003-03-04 00:00:00-05:00,15.928212438445597,15.944491004878593,15.781708445367704,15.822404861450195,299500,0.0,0.0
2003-03-05 00:00:00-05:00,15.846832887614113,15.977058410644531,15.761372679202406,15.977058410644531,446500,0.0,0.0
2003-03-06 00:00:00-05:00,15.981126318765357,16.066586513740198,15.822414084551953,16.03403091430664,451800,0.0,0.0
2003-03-07 00:00:00-05:00,16.038098505106046,16.054377079731925,15.89159443829378,16.025890350341797,1504700,0.0,0.0
2003-03-10 00:00:00-05:00,16.065188027768876,16.098277192794146,15.965917376986134,16.02796173095703,1003900,0.635,0.0
2003-03-11 00:00:00-05:00,16.07346021583943,16.201682895890976,15.854239573542207,15.862510681152344,485400,0.0,0.0
2003-03-12 00:00:00-05:00,15.862507020257455,15.874916834515444,15.663967348513214,15.775646209716797,553300,0.0,0.0
2003-03-13 00:00:00-05:00,15.924550105447642,15.961776389587481,15.82941661883537,15.895596504211426,740300,0.0,0.0
2003-03-14 00:00:00-05:00,16.02796173095703,16.04864265632951,15.9038746008687,16.02796173095703,570900,0.0,0.0
2003-03-17 00:00:00-05:00,16.027953938592834,16.346445083618164,16.027953938592834,16.346445083618164,658600,0.0,0.0
2003-03-18 00:00:00-05:00,16.350586928953753,16.37954053711382,16.234772496313493,16.30922508239746,593900,0.0,0.0
2003-03-19 00:00:00-05:00,16.42089904336809,16.516032524237175,16.267858363522425,16.354719161987305,469700,0.0,0.0
2003-03-20 00:00:00-05:00,16.338175919343445,16.540852719940005,16.338175919343445,16.466400146484375,628700,0.0,0.0
2003-03-21 00:00:00-05:00,16.664938257293397,16.664938257293397,16.499487758903708,16.544986724853516,1063400,0.0,0.0
2003-03-24 00:00:00-05:00,16.549119633507065,16.56566499627344,16.17685843837946,16.20994758605957,533600,0.0,0.0
2003-03-25 00:00:00-05:00,16.263719934648602,16.437443095558464,16.201675610498068,16.342308044433594,691800,0.0,0.0
2003-03-26 00:00:00-05:00,16.296823280322265,16.379547006106026,16.056920057558347,16.21409797668457,819100,0.0,0.0
2003-03-27 00:00:00-05:00,16.164453958970373,16.23890495300293,16.015548815199246,16.23890495300293,422000,0.0,0.0
2003-03-28 00:00:00-05:00,16.238909611852534,16.284408594152996,16.160321464694846,16.23063850402832,413600,0.0,0.0
2003-03-31 00:00:00-05:00,16.230637832722557,16.230637832722557,16.06932283546021,16.152048110961914,582300,0.0,0.0
2003-04-01 00:00:00-05:00,16.193403801145834,16.22235739706067,16.085860521017036,16.20994758605957,428100,0.0,0.0
2003-04-02 00:00:00-05:00,16.25959214886403,16.276135942400398,16.17272973799416,16.255455017089844,429900,0.0,0.0
2003-04-03 00:00:00-05:00,16.263732527725615,16.30095883546988,16.160326292641983,16.21409797668457,337400,0.0,0.0
2003-04-04 00:00:00-05:00,16.24717669190397,16.45812615926883,16.226495773771884,16.453989028930664,504100,0.0,0.0
2003-04-07 00:00:00-04:00,16.57807624167493,16.65252722486013,16.379535027005137,16.4208984375,674600,0.0,0.0
2003-04-08 00:00:00-04:00,16.42503718880937,16.54498873582887,16.396083584749917,16.48708152770996,339500,0.0,0.0
2003-04-09 00:00:00-04:00,16.544984241253793,16.627709478030596,16.342307490043268,16.379533767700195,500300,0.0,0.0
2003-04-10 00:00:00-04:00,16.375400674037884,16.573940325393778,16.358855308628335,16.544986724853516,320300,0.0,0.0
2003-04-11 00:00:00-04:00,16.6277136738571,16.652530146655458,16.39194771515442,16.43330955505371,373200,0.0,0.0
2003-04-14 00:00:00-04:00,16.42917278226439,16.607031520760025,16.42917278226439,16.5656681060791,251100,0.0,0.0
2003-04-15 00:00:00-04:00,16.503624466386906,16.764206864573577,16.499487336214063,16.751798629760742,391200,0.0,0.0
2003-04-16 00:00:00-04:00,16.67321089141474,16.731118092326533,16.544986676643713,16.57394027709961,477800,0.0,0.0
2003-04-17 00:00:00-04:00,16.607026204855615,16.664933389019897,16.544981891621063,16.561527252197266,505600,0.0,0.0
2003-04-21 00:00:00-04:00,16.669075473532875,16.73525536392388,16.627713633733393,16.689756393432617,411300,0.0,0.0
2003-04-22 00:00:00-04:00,16.669073562991098,16.93793022443163,16.61530191513242,16.892431259155273,648300,0.0,0.0
2003-04-23 00:00:00-04:00,16.834526719008135,16.871753007584406,16.685621564703048,16.793163299560547,408200,0.0,0.0
2003-04-24 00:00:00-04:00,16.75179465235179,16.979287844405825,16.71043282756105,16.86760902404785,648600,0.0,0.0
2003-04-25 00:00:00-04:00,16.867613452450463,16.867613452450463,16.689754719021,16.747663497924805,485100,0.0,0.0
2003-04-28 00:00:00-04:00,16.747659313815202,17.020651463319272,16.747659313815202,17.008241653442383,413700,0.0,0.0
2003-04-29 00:00:00-04:00,17.0620254096469,17.070298096157646,16.87589390778912,16.942073822021484,555500,0.0,0.0
2003-04-30 00:00:00-04:00,17.028932229531847,17.09924926589546,16.87589149559231,16.95034408569336,520700,0.0,0.0
2003-05-01 00:00:00-04:00,16.888301084579602,17.00825107558716,16.71044229705571,16.8138484954834,314100,0.0,0.0
2003-05-02 00:00:00-04:00,16.793164676367603,17.037203348630264,16.793164676367603,17.0289306640625,610600,0.0,0.0
2003-05-05 00:00:00-04:00,17.028925180530443,17.095106635761276,16.946201517197384,17.086833953857422,424900,0.0,0.0
2003-05-06 00:00:00-04:00,17.08270593611991,17.161295667200953,16.999980650807352,17.090978622436523,410900,0.0,0.0
2003-05-07 00:00:00-04:00,17.020656706730204,17.190242767333984,17.004111340365696,17.190242767333984,439000,0.0,0.0
2003-05-08 00:00:00-04:00,17.082699094741557,17.244012468677862,17.062018176159228,17.165424346923828,433400,0.0,0.0
2003-05-09 00:00:00-04:00,17.22746977224946,17.392918709245752,17.14888006766215,17.34741973876953,473900,0.0,0.0
2003-05-12 00:00:00-04:00,17.330878331365522,17.37224017683573,17.202654085842656,17.314332962036133,347600,0.0,0.0
2003-05-13 00:00:00-04:00,17.310195941428276,17.33087844214885,17.223335118673642,17.256425857543945,308000,0.0,0.0
2003-05-14 00:00:00-04:00,17.289513147078946,17.35983017064032,17.215060570533065,17.281240463256836,325600,0.0,0.0
2003-05-15 00:00:00-04:00,17.363965229912907,17.504597695183932,17.28951265548395,17.46323585510254,734600,0.0,0.0
2003-05-16 00:00:00-04:00,17.49632395162568,17.789997100830078,17.49632395162568,17.789997100830078,979400,0.0,0.0
2003-05-19 00:00:00-04:00,17.889265895884837,17.889265895884837,17.727952536794575,17.732088088989258,744100,0.0,0.0
2003-05-20 00:00:00-04:00,17.78586112128002,17.95131162331682,17.78586112128002,17.943038940429688,595600,0.0,0.0
2003-05-21 00:00:00-04:00,17.856176987662803,17.860314118132138,17.699000742593185,17.789997100830078,802800,0.0,0.0
2003-05-22 00:00:00-04:00,17.82308924836416,18.104354184199508,17.806543880879,17.971994400024414,849500,0.0,0.0
2003-05-23 00:00:00-04:00,18.013352573796286,18.720650322340493,18.00507989173783,18.654470443725586,1734900,0.0,0.0
2003-05-27 00:00:00-04:00,18.633797074287017,19.23355335468109,18.580025408055622,19.22941780090332,1432300,0.0,0.0
2003-05-28 00:00:00-04:00,19.150821928090693,19.192185341851378,18.902647756938187,19.006053924560547,1297400,0.0,0.0
2003-05-29 00:00:00-04:00,18.968826477979757,19.101186238192167,18.480749270501697,18.65033531188965,855700,0.0,0.0
2003-05-30 00:00:00-04:00,18.633790086265453,18.93573589011602,18.625517403958927,18.819921493530273,687700,0.0,0.0
2003-06-02 00:00:00-04:00,18.81992432343079,18.948148551683463,18.778562483531505,18.861286163330078,560400,0.0,0.0
2003-06-03 00:00:00-04:00,18.86128642941376,19.026736947051084,18.737199330112304,18.944011688232422,691900,0.0,0.0
2003-06-04 00:00:00-04:00,18.9895076751709,19.076368473245964,18.873693277737477,18.9895076751709,599100,0.0,0.0
2003-06-05 00:00:00-04:00,18.98123912620321,18.98537625721407,18.782699439717376,18.8157901763916,976800,0.0,0.0
2003-06-06 00:00:00-04:00,18.86128839879251,18.93160542837902,18.646204912400606,18.68756675720215,2445500,0.0,0.0
2003-06-09 00:00:00-04:00,18.731621706425425,18.815524663847295,18.563812590889025,18.626741409301758,1337700,0.635,0.0
2003-06-10 00:00:00-04:00,18.651898470399175,18.698046024564913,18.53023702766136,18.618337631225586,647900,0.0,0.0
2003-06-11 00:00:00-04:00,18.626737015980844,18.71063995361328,18.572198826242996,18.71063995361328,791800,0.0,0.0
2003-06-12 00:00:00-04:00,18.735807721562036,18.819712241297868,18.672878931673765,18.794540405273438,532800,0.0,0.0
2003-06-13 00:00:00-04:00,18.865862699507286,18.878447819276133,18.693859127834383,18.836496353149414,510700,0.0,0.0
2003-06-16 00:00:00-04:00,18.84907777052285,19.042057037353516,18.82390593558364,19.042057037353516,612300,0.0,0.0
2003-06-17 00:00:00-04:00,19.042062197546134,19.092404280721176,18.87425472018067,19.06723403930664,619800,0.0,0.0
2003-06-18 00:00:00-04:00,19.046258262033717,19.20567512512207,19.01269580642819,19.20567512512207,502100,0.0,0.0
2003-06-19 00:00:00-04:00,19.214064883978708,19.281188191856742,18.949766159057617,18.949766159057617,793000,0.0,0.0
2003-06-20 00:00:00-04:00,18.920384661240192,19.067217879883376,18.832285690261052,18.878433227539062,769500,0.0,0.0
2003-06-23 00:00:00-04:00,18.878446428963308,18.945569730030236,18.668685913085938,18.668685913085938,401400,0.0,0.0
2003-06-24 00:00:00-04:00,18.71063609112287,18.769370375825222,18.559609874353683,18.5679988861084,455400,0.0,0.0
2003-06-25 00:00:00-04:00,18.6519071350229,18.878448905977656,18.458927819178154,18.500879287719727,504300,0.0,0.0
2003-06-26 00:00:00-04:00,18.584783367142165,18.719029983581937,18.50926944535156,18.59317398071289,316900,0.0,0.0
2003-06-27 00:00:00-04:00,18.64770710862957,18.72322100992922,18.496679306030273,18.496679306030273,359400,0.0,0.0
2003-06-30 00:00:00-04:00,18.53863624954552,18.614150173197107,18.41697635063658,18.500879287719727,385500,0.0,0.0
2003-07-01 00:00:00-04:00,18.500879287719727,18.576393211371315,18.370828775033285,18.500879287719727,540000,0.0,0.0
2003-07-02 00:00:00-04:00,18.521857273699155,18.794545029500945,18.505076045554,18.765178680419922,497100,0.0,0.0
2003-07-03 00:00:00-04:00,18.74000644696071,18.748397060858114,18.568002862928836,18.63932228088379,173600,0.0,0.0
2003-07-07 00:00:00-04:00,18.710644366723628,18.756791953513453,18.57220320670048,18.626741409301758,318000,0.0,0.0
2003-07-08 00:00:00-04:00,18.626730206155926,18.626730206155926,18.408579127305266,18.54282569885254,442700,0.0,0.0
2003-07-09 00:00:00-04:00,18.488297234464305,18.49249334222217,18.223998457836167,18.249170303344727,405600,0.0,0.0
2003-07-10 00:00:00-04:00,18.228187567657354,18.253357803156664,17.980670116392044,18.14847755432129,451600,0.0,0.0
2003-07-11 00:00:00-04:00,18.18623413188297,18.36662828417749,18.15267328512929,18.24496841430664,603100,0.0,0.0
2003-07-14 00:00:00-04:00,18.34985545747103,18.471515372402795,18.23658455707567,18.270145416259766,635200,0.0,0.0
2003-07-15 00:00:00-04:00,18.274332019468712,18.274332019468712,17.972276442178966,17.976470947265625,786500,0.0,0.0
2003-07-16 00:00:00-04:00,18.00584858700162,18.022629818573247,17.619889862932197,17.69959831237793,611100,0.0,0.0
2003-07-17 00:00:00-04:00,17.69538716170948,17.712168377497957,17.53596881240859,17.615678787231445,585500,0.0,0.0
2003-07-18 00:00:00-04:00,17.61988006281607,17.79607809527842,17.552756774209634,17.720565795898438,621200,0.0,0.0
2003-07-21 00:00:00-04:00,17.775110970724977,17.783501585904983,17.531789531889746,17.53598403930664,537100,0.0,0.0
2003-07-22 00:00:00-04:00,17.653446416739165,17.850620220491418,17.544370048382284,17.78769302368164,628300,0.0,0.0
2003-07-23 00:00:00-04:00,17.78769288717155,17.90515826725829,17.758326542149863,17.859010696411133,539600,0.0,0.0
2003-07-24 00:00:00-04:00,17.879989624023438,17.976479289245816,17.821256923483386,17.879989624023438,504900,0.0,0.0
2003-07-25 00:00:00-04:00,17.879983777929375,17.951303176942105,17.80866597926219,17.89257049560547,319600,0.0,0.0
2003-07-28 00:00:00-04:00,17.89257266310412,17.89257266310412,17.766715073170094,17.80866813659668,592300,0.0,0.0
2003-07-29 00:00:00-04:00,17.808666854247132,17.871594044337208,17.640857813315687,17.70798110961914,542800,0.0,0.0
2003-07-30 00:00:00-04:00,17.70378574779774,17.70378574779774,17.435292575565196,17.594709396362305,747900,0.0,0.0
2003-07-31 00:00:00-04:00,17.636674041012352,17.707991886587138,17.515012492311914,17.519207000732422,684100,0.0,0.0
2003-08-01 00:00:00-04:00,17.431099233742092,17.53597949579872,17.326218971685467,17.489831924438477,1055500,0.0,0.0
2003-08-04 00:00:00-04:00,17.50661167368154,17.51500228597978,17.288460554964388,17.477245330810547,881600,0.0,0.0
2003-08-05 00:00:00-04:00,17.47724774924722,17.47724774924722,17.112264865670106,17.16680145263672,688800,0.0,0.0
2003-08-06 00:00:00-04:00,17.099674461485037,17.410120691215372,17.091285450178887,17.313631057739258,757400,0.0,0.0
2003-08-07 00:00:00-04:00,17.284266048988098,17.477245330810547,17.229727869222394,17.477245330810547,566300,0.0,0.0
2003-08-08 00:00:00-04:00,17.485638577472432,17.527590044938304,17.401734042194782,17.523395538330078,380000,0.0,0.0
2003-08-11 00:00:00-04:00,17.519192170618794,17.582120946082934,17.405922935335724,17.506607055664062,354500,0.0,0.0
2003-08-12 00:00:00-04:00,17.535977495112707,17.787691055537994,17.473050305265595,17.78349494934082,492300,0.0,0.0
2003-08-13 00:00:00-04:00,17.850613115053232,17.879979448611014,17.720562666538807,17.762514114379883,441300,0.0,0.0
2003-08-14 00:00:00-04:00,17.829641588152946,17.84222670539872,17.716370731904394,17.82544708251953,286000,0.0,0.0
2003-08-15 00:00:00-04:00,17.82545303086257,17.913552081672645,17.770914837355637,17.879989624023438,246500,0.0,0.0
2003-08-18 00:00:00-04:00,17.78349785070947,17.955501424906856,17.733155770549374,17.74574089050293,785500,0.0,0.0
2003-08-19 00:00:00-04:00,17.745740270779272,17.78349722966725,17.666031846613905,17.76671600341797,348400,0.0,0.0
2003-08-20 00:00:00-04:00,17.7960805885829,18.064575380971302,17.787691576634014,18.056184768676758,382100,0.0,0.0
2003-08-21 00:00:00-04:00,18.056189235844002,18.056189235844002,17.84223257026364,17.955503463745117,509500,0.0,0.0
2003-08-22 00:00:00-04:00,18.018429329089685,18.039405061417522,17.796082085446375,17.85062026977539,520100,0.0,0.0
2003-08-25 00:00:00-04:00,17.85063069966438,17.926144660443047,17.829654955080688,17.88838768005371,329400,0.0,0.0
2003-08-26 00:00:00-04:00,17.879986862251116,17.884182968982163,17.737349639966087,17.846426010131836,504600,0.0,0.0
2003-08-27 00:00:00-04:00,17.846426010131836,17.863207236364385,17.804472944550465,17.846426010131836,347800,0.0,0.0
2003-08-28 00:00:00-04:00,17.85061731701108,17.85061731701108,17.745737072374887,17.82544708251953,349700,0.0,0.0
2003-08-29 00:00:00-04:00,17.817060037095594,17.833839663333322,17.74574062428831,17.82964515686035,322400,0.0,0.0
2003-09-02 00:00:00-04:00,17.829640483298498,17.942911332527963,17.78768902818185,17.934520721435547,865600,0.0,0.0
2003-09-03 00:00:00-04:00,17.976481478224034,18.08555787852002,17.91774877053216,18.081361770629883,536800,0.0,0.0
2003-09-04 00:00:00-04:00,18.060382902846698,18.08974925160425,17.98486897737129,18.064579010009766,497700,0.0,0.0
2003-09-05 00:00:00-04:00,18.064571082666703,18.156864595254937,18.010032915901878,18.14427947998047,833200,0.0,0.0
2003-09-08 00:00:00-04:00,18.188993869796082,18.29117831614747,18.112354722936296,18.274147033691406,423500,0.635,0.0
2003-09-09 00:00:00-04:00,18.24859875544058,18.24859875544058,18.04848527972805,18.052743911743164,387100,0.0,0.0
2003-09-10 00:00:00-04:00,18.010163078840947,18.10809048636926,17.9931318016555,18.095317840576172,516200,0.0,0.0
2003-09-11 00:00:00-04:00,18.180473424781322,18.180473424781322,18.022938164169176,18.031452178955078,404000,0.0,0.0
2003-09-12 00:00:00-04:00,18.065521433411398,18.09106835981787,17.93353141660028,18.069778442382812,380300,0.0,0.0
2003-09-15 00:00:00-04:00,18.0442244015306,18.065512684463293,17.92926572466381,17.97610092163086,251000,0.0,0.0
2003-09-16 00:00:00-04:00,18.05273998525381,18.167697037583025,17.967585229587243,18.154924392700195,299100,0.0,0.0
2003-09-17 00:00:00-04:00,18.133640053915865,18.154928341414763,18.04848527972805,18.052743911743164,244600,0.0,0.0
2003-09-18 00:00:00-04:00,18.116616350980678,18.265637674181185,18.086812411179157,18.180482864379883,331600,0.0,0.0
2003-09-19 00:00:00-04:00,18.180477214833655,18.180477214833655,18.0229419213804,18.129384994506836,432700,0.0,0.0
2003-09-22 00:00:00-04:00,18.129381569154273,18.176215148159585,17.94629938803283,18.137895584106445,384400,0.0,0.0
2003-09-23 00:00:00-04:00,18.18899651671486,18.248604389792906,18.154933946845848,18.2315731048584,301700,0.0,0.0
2003-09-24 00:00:00-04:00,18.24009428610867,18.265641221268005,18.035723677413635,18.15068244934082,357800,0.0,0.0
2003-09-25 00:00:00-04:00,18.15919456797778,18.235833734379664,18.13790464738278,18.180482864379883,395400,0.0,0.0
2003-09-26 00:00:00-04:00,18.154930742590118,18.30820903156236,17.99313681265359,18.29117774963379,574900,0.0,0.0
2003-09-29 00:00:00-04:00,18.291173483575903,18.355039963816214,18.227308627527655,18.333751678466797,416200,0.0,0.0
2003-09-30 00:00:00-04:00,18.33375058593148,18.33375058593148,17.929266691628126,18.26988410949707,447800,0.0,0.0
2003-10-01 00:00:00-04:00,18.410395503497345,18.41465251197681,18.27414686926726,18.346529006958008,478900,0.0,0.0
2003-10-02 00:00:00-04:00,18.350781924505423,18.52109146118164,18.308205352432427,18.52109146118164,332800,0.0,0.0
2003-10-03 00:00:00-04:00,18.62753451555625,18.69140099785786,18.504060182675598,18.52109146118164,325300,0.0,0.0
2003-10-06 00:00:00-04:00,18.597739794857937,18.619028091430664,18.52110062784178,18.619028091430664,285300,0.0,0.0
2003-10-07 00:00:00-04:00,18.56367028363781,18.62753677368164,18.431681919695944,18.62753677368164,469600,0.0,0.0
2003-10-08 00:00:00-04:00,18.60624618278339,18.610503190303152,18.40187571380055,18.4444522857666,290300,0.0,0.0
2003-10-09 00:00:00-04:00,18.444452332096553,18.58495794348325,18.444452332096553,18.52109146118164,701900,0.0,0.0
2003-10-10 00:00:00-04:00,18.57218652409398,18.67862959481193,18.47851772631299,18.48277473449707,510300,0.0,0.0
2003-10-13 00:00:00-04:00,18.491281416219504,18.59346580505371,18.48276577978472,18.59346580505371,306200,0.0,0.0
2003-10-14 00:00:00-04:00,18.623281894391518,18.725466341111193,18.504064540961902,18.70843505859375,317200,0.0,0.0
2003-10-15 00:00:00-04:00,18.729719723788403,18.73397673112825,18.56366720207754,18.712688446044922,610600,0.0,0.0
2003-10-16 00:00:00-04:00,18.71694086540823,18.81061124584444,18.691395579246823,18.806352615356445,410900,0.0,0.0
2003-10-17 00:00:00-04:00,18.84893474162791,18.84893474162791,18.66585257295093,18.704172134399414,375200,0.0,0.0
2003-10-20 00:00:00-04:00,18.755264341600064,18.755264341600064,18.627533011502443,18.704172134399414,496800,0.0,0.0
2003-10-21 00:00:00-04:00,18.70418300740219,18.836173045606174,18.631800849615193,18.721214294433594,317800,0.0,0.0
2003-10-22 00:00:00-04:00,18.721205365176633,18.874483626965883,18.69140143918341,18.780813217163086,506200,0.0,0.0
2003-10-23 00:00:00-04:00,18.78507411566077,18.78507411566077,18.657342745777363,18.729724884033203,379100,0.0,0.0
2003-10-24 00:00:00-04:00,18.729714958549167,18.95963065282251,18.687136775023266,18.929826736450195,669600,0.0,0.0
2003-10-27 00:00:00-05:00,18.929836674969486,19.14698146447759,18.904291375633814,18.985187530517578,416700,0.0,0.0
2003-10-28 00:00:00-05:00,19.02776470710565,19.07034291431711,18.912805983923512,19.044795989990234,449500,0.0,0.0
2003-10-29 00:00:00-05:00,19.032025998271926,19.100149515133058,18.955386838779056,19.002222061157227,879300,0.0,0.0
2003-10-30 00:00:00-05:00,19.053314292754887,19.07034557801836,18.959643847998542,19.002222061157227,556000,0.0,0.0
2003-10-31 00:00:00-05:00,19.0447974095696,19.078859977877755,18.968158255068907,19.0107364654541,439300,0.0,0.0
2003-11-03 00:00:00-05:00,19.006469276841774,19.19806707684863,18.955377071570584,19.17677879333496,360000,0.0,0.0
2003-11-04 00:00:00-05:00,19.176778567548553,19.176778567548553,18.917057288840752,18.997953414916992,367600,0.0,0.0
2003-11-05 00:00:00-05:00,18.955384912479495,19.027765431204607,18.840426184922617,18.925580978393555,320200,0.0,0.0
2003-11-06 00:00:00-05:00,18.887259900580748,18.98093032836914,18.772301182165666,18.98093032836914,285800,0.0,0.0
2003-11-07 00:00:00-05:00,18.968152652963383,19.00221521121141,18.75526653648974,18.861709594726562,361000,0.0,0.0
2003-11-10 00:00:00-05:00,18.904289739226606,18.921319395912093,18.72972317070972,18.733980178833008,429000,0.0,0.0
2003-11-11 00:00:00-05:00,18.73397347156478,18.759520383735037,18.661592990036688,18.695653915405273,425900,0.0,0.0
2003-11-12 00:00:00-05:00,18.725462610118804,18.90854480022151,18.674370396938937,18.861709594726562,628300,0.0,0.0
2003-11-13 00:00:00-05:00,18.904291182759085,19.010734260085,18.823393404508217,18.98093032836914,493400,0.0,0.0
2003-11-14 00:00:00-05:00,19.002214970392874,19.01073060984696,18.780813217163086,18.780813217163086,282200,0.0,0.0
2003-11-17 00:00:00-05:00,18.708432609655517,18.733979530087584,18.363558116880146,18.393362045288086,774500,0.0,0.0
2003-11-18 00:00:00-05:00,18.45722547221181,18.491288030134335,18.116608013947335,18.223051071166992,577900,0.0,0.0
2003-11-19 00:00:00-05:00,18.24433771351928,18.50405900959886,18.176214228005946,18.478513717651367,474500,0.0,0.0
2003-11-20 00:00:00-05:00,18.37632432350243,18.661592483658467,18.325232124740047,18.435932159423828,496300,0.0,0.0
2003-11-21 00:00:00-05:00,18.521090287025196,18.53386293299894,18.401874593424868,18.478513717651367,387500,0.0,0.0
2003-11-24 00:00:00-05:00,18.48703407425989,18.66160229147848,18.478520056817946,18.61476707458496,491000,0.0,0.0
2003-11-25 00:00:00-05:00,18.55515288370715,18.751007701975496,18.542378613512597,18.682884216308594,329800,0.0,0.0
2003-11-26 00:00:00-05:00,18.755274487443177,18.840429294970882,18.67011967991547,18.763790130615234,300500,0.0,0.0
2003-11-28 00:00:00-05:00,18.797845168567328,18.827649095626796,18.755266969773654,18.789329528808594,158900,0.0,0.0
2003-12-01 00:00:00-05:00,18.77656076933252,19.095890045166016,18.759531109007842,19.095890045166016,527000,0.0,0.0
2003-12-02 00:00:00-05:00,19.09588278313524,19.108657053761643,19.014986648731025,19.074594497680664,466700,0.0,0.0
2003-12-03 00:00:00-05:00,19.10865500421363,19.20658240615488,19.06181980672175,19.146974563598633,436500,0.0,0.0
2003-12-04 00:00:00-05:00,19.04905297549146,19.25768048811214,19.04905297549146,19.202329635620117,499500,0.0,0.0
2003-12-05 00:00:00-05:00,19.172524981632016,19.393926759051514,19.07459755349899,19.087371826171875,1493900,0.0,0.0
2003-12-08 00:00:00-05:00,19.02474896024541,19.387536526791095,19.02474896024541,19.331390380859375,722000,0.635,0.0
2003-12-09 00:00:00-05:00,19.400487586742862,19.400487586742862,19.067933915225332,19.15863037109375,1133900,0.0,0.0
2003-12-10 00:00:00-05:00,19.21909655536961,19.435041460486122,19.115442276000977,19.115442276000977,449300,0.0,0.0
2003-12-11 00:00:00-05:00,19.184550713913772,19.370263523497147,19.184550713913772,19.309799194335938,357700,0.0,0.0
2003-12-12 00:00:00-05:00,19.262280464786087,19.34434056435055,19.193178176879883,19.193178176879883,381100,0.0,0.0
2003-12-15 00:00:00-05:00,19.33138802190931,19.370258172422037,19.240691553222586,19.318431854248047,522500,0.0,0.0
2003-12-16 00:00:00-05:00,19.318430561058168,19.42640301108478,19.219096104737144,19.28388023376465,350200,0.0,0.0
2003-12-17 00:00:00-05:00,19.283880556720895,19.38753318786621,19.223414599769114,19.38753318786621,460100,0.0,0.0
2003-12-18 00:00:00-05:00,19.387542415335556,19.42641258239746,19.30980208121175,19.42641258239746,442700,0.0,0.0
2003-12-19 00:00:00-05:00,19.435042841011946,19.560291290283203,19.435042841011946,19.560291290283203,731300,0.0,0.0
2003-12-22 00:00:00-05:00,19.568934401193488,19.638036727905273,19.491194077701554,19.638036727905273,309400,0.0,0.0
2003-12-23 00:00:00-05:00,19.646666026713252,19.737362481457566,19.573243910352122,19.659622192382812,417900,0.0,0.0
2003-12-24 00:00:00-05:00,19.668257496443218,19.711445807789836,19.633705529343146,19.642343521118164,153800,0.0,0.0
2003-12-26 00:00:00-05:00,19.681220528964715,19.758960834542286,19.612118218176768,19.62507438659668,190800,0.0,0.0
2003-12-29 00:00:00-05:00,19.694181138494677,19.767603286998924,19.629398634257374,19.733051300048828,423500,0.0,0.0
2003-12-30 00:00:00-05:00,19.733047014607546,19.901485443115234,19.672582698105376,19.901485443115234,518600,0.0,0.0
2003-12-31 00:00:00-05:00,19.931712220794946,19.940348565796107,19.77191183028702,19.866928100585938,520600,0.0,0.0
2004-01-02 00:00:00-05:00,19.94035643851631,20.044010742269112,19.74168747448015,19.78055763244629,507200,0.0,0.0
2004-01-05 00:00:00-05:00,19.875564356458234,19.875564356458234,19.56892306232322,19.642343521118164,450800,0.0,0.0
2004-01-06 00:00:00-05:00,19.642343803860715,19.642343803860715,19.39616680107875,19.465269088745117,602800,0.0,0.0
2004-01-07 00:00:00-05:00,19.486875524347127,19.746010502035798,19.417773193136057,19.672588348388672,450900,0.0,0.0
2004-01-08 00:00:00-05:00,19.650984588087255,19.733043051498598,19.638028422161447,19.66826057434082,531800,0.0,0.0
2004-01-09 00:00:00-05:00,19.62507578065521,19.69417809635181,19.52142313087489,19.60780143737793,545200,0.0,0.0
2004-01-12 00:00:00-05:00,19.6121144427811,19.707130719646976,19.603476449654316,19.66826057434082,366700,0.0,0.0
2004-01-13 00:00:00-05:00,19.737365175062045,19.77623532490412,19.612116731401027,19.67690086364746,376000,0.0,0.0
2004-01-14 00:00:00-05:00,19.67257812027731,19.862610667953724,19.67257812027731,19.841014862060547,372100,0.0,0.0
2004-01-15 00:00:00-05:00,19.866933435523194,19.927397751939704,19.776236960898434,19.858295440673828,522100,0.0,0.0
2004-01-16 00:00:00-05:00,19.92738836254007,19.940344524944898,19.81509777746557,19.910112380981445,413200,0.0,0.0
2004-01-20 00:00:00-05:00,19.9533132311522,20.08287986854017,19.89716708419005,20.03105354309082,370400,0.0,0.0
2004-01-21 00:00:00-05:00,20.056961905346164,20.49317153001747,19.99649759638868,20.44134521484375,659300,0.0,0.0
2004-01-22 00:00:00-05:00,20.40247272103708,20.670243907434326,20.303136627708284,20.527719497680664,639100,0.0,0.0
2004-01-23 00:00:00-05:00,20.532037344988055,20.691836077439962,20.454297064870154,20.523399353027344,473800,0.0,0.0
2004-01-26 00:00:00-05:00,20.4715829299898,20.497495270850767,20.268594139755958,20.34633445739746,616000,0.0,0.0
2004-01-27 00:00:00-05:00,20.380879839799064,20.380879839799064,20.199486907751695,20.363605499267578,572400,0.0,0.0
2004-01-28 00:00:00-05:00,20.385200865683146,20.78253872938794,20.363606703095538,20.6745662689209,940100,0.0,0.0
2004-01-29 00:00:00-05:00,20.678882579329233,20.87755147745387,20.631374441184487,20.817087173461914,687200,0.0,0.0
2004-01-30 00:00:00-05:00,20.817088790508883,20.855958938598633,20.644332210659147,20.855958938598633,513300,0.0,0.0
2004-02-02 00:00:00-05:00,20.85595672237194,20.85595672237194,20.64433001692064,20.71343231201172,882800,0.0,0.0
2004-02-03 00:00:00-05:00,20.73503101758674,20.80413332783221,20.540681902697557,20.545000076293945,923400,0.0,0.0
2004-02-04 00:00:00-05:00,19.97490617500704,20.056964655912815,19.86693370919619,20.00082015991211,6115500,0.0,0.0
2004-02-05 00:00:00-05:00,20.022412675895335,20.035368843517148,19.910120398076458,19.918758392333984,1199400,0.0,0.0
2004-02-06 00:00:00-05:00,20.00945171549041,20.039683864385893,19.93171143332245,19.987855911254883,1057800,0.0,0.0
2004-02-09 00:00:00-05:00,19.98785969441977,20.12606430053711,19.89284505741964,20.12606430053711,868000,0.0,0.0
2004-02-10 00:00:00-05:00,19.974907106414324,20.23404037743182,19.931718777087795,20.212446212768555,935900,0.0,0.0
2004-02-11 00:00:00-05:00,20.21243488427313,20.25994300842285,20.0612741688224,20.25994300842285,866800,0.0,0.0
2004-02-12 00:00:00-05:00,20.25562701753581,20.25562701753581,20.02240619070888,20.082870483398438,772700,0.0,0.0
2004-02-13 00:00:00-05:00,20.074233445341513,20.160611716512637,19.974899010129693,20.013769149780273,707000,0.0,0.0
2004-02-17 00:00:00-05:00,20.126053912221323,20.234026307989737,20.078547442006748,20.104459762573242,378700,0.0,0.0
2004-02-18 00:00:00-05:00,20.104464638283506,20.177886741926834,20.026724362674532,20.082870483398438,1097400,0.0,0.0
2004-02-19 00:00:00-05:00,20.169251552294018,20.22971585338302,19.97921900883871,20.14765739440918,807000,0.0,0.0
2004-02-20 00:00:00-05:00,20.160613926077524,20.160613926077524,19.931712882786144,19.97490119934082,965100,0.0,0.0
2004-02-23 00:00:00-05:00,19.98786392695484,20.126068562337736,19.936037600568557,19.996501922607422,481200,0.0,0.0
2004-02-24 00:00:00-05:00,20.02241079401753,20.082875100608305,19.910118526752846,19.961946487426758,627400,0.0,0.0
2004-02-25 00:00:00-05:00,20.009450977609536,20.082871437211473,19.970580837958956,20.013769149780273,505500,0.0,0.0
2004-02-26 00:00:00-05:00,20.018089152042872,20.156293739540203,19.966262843613535,20.14765739440918,1164500,0.0,0.0
2004-02-27 00:00:00-05:00,20.1606192716348,20.49317466937409,20.130387112524783,20.471580505371094,1189900,0.0,0.0
2004-03-01 00:00:00-05:00,20.47157004279988,20.76525513622611,20.449974242304915,20.678876876831055,943800,0.0,0.0
2004-03-02 00:00:00-05:00,20.652974696063435,20.743671178821458,20.527726230809478,20.644336700439453,670000,0.0,0.0
2004-03-03 00:00:00-05:00,20.579551373106273,20.631377692190423,20.484535081844516,20.575231552124023,676400,0.0,0.0
2004-03-04 00:00:00-05:00,20.56227037206232,20.73070710367511,20.510444065611132,20.726388931274414,1091300,0.0,0.0
2004-03-05 00:00:00-05:00,20.70911128067574,20.830039868509964,20.67887913371718,20.78253173828125,943400,0.0,0.0
2004-03-08 00:00:00-05:00,20.81097776168663,20.97291340136799,20.66217154238049,20.7672119140625,3720600,0.635,0.0
2004-03-09 00:00:00-05:00,20.771590496732333,20.771590496732333,20.565888983028046,20.592147827148438,640300,0.0,0.0
2004-03-10 00:00:00-05:00,20.684066009412728,20.684066009412728,20.360194549306065,20.390830993652344,373100,0.0,0.0
2004-03-11 00:00:00-05:00,20.390828658991865,20.395204577871308,20.06695556640625,20.06695556640625,923500,0.0,0.0
2004-03-12 00:00:00-05:00,20.13259384567673,20.24201011657715,19.983787650469772,20.24201011657715,511100,0.0,0.0
2004-03-15 00:00:00-05:00,20.242007691787016,20.263890609433783,20.097577430111063,20.17635726928711,413700,0.0,0.0
2004-03-16 00:00:00-05:00,20.272654885899247,20.373317696227218,20.15448506432454,20.30329132080078,529000,0.0,0.0
2004-03-17 00:00:00-05:00,20.329546907662372,20.574638327438866,20.329546907662372,20.50461196899414,816500,0.0,0.0
2004-03-18 00:00:00-05:00,20.504625101802954,20.609665541526415,20.303299401024233,20.438976287841797,530600,0.0,0.0
2004-03-19 00:00:00-05:00,20.443346707435555,20.548387118898425,20.355813309476616,20.434593200683594,447000,0.0,0.0
2004-03-22 00:00:00-05:00,20.373320972126592,20.408335000250084,20.154488305037024,20.215761184692383,514800,0.0,0.0
2004-03-23 00:00:00-05:00,20.25077128441072,20.2814077182953,20.115094456092983,20.12384796142578,482600,0.0,0.0
2004-03-24 00:00:00-05:00,20.154488677569276,20.281412027521835,20.062579356387403,20.119476318359375,517200,0.0,0.0
2004-03-25 00:00:00-05:00,20.18950300805223,20.22013944890402,20.05382614887944,20.136981964111328,419000,0.0,0.0
2004-03-26 00:00:00-05:00,20.13698730870178,20.23765183485898,20.08884550998644,20.167625427246094,504300,0.0,0.0
2004-03-29 00:00:00-05:00,20.12384304905122,20.263895761067268,20.04506318984719,20.206998825073242,417600,0.0,0.0
2004-03-30 00:00:00-05:00,20.207005007512294,20.22451201926067,20.106342194299945,20.20262908935547,534700,0.0,0.0
2004-03-31 00:00:00-05:00,20.24639363904189,20.24639363904189,20.088835552183554,20.1719913482666,595900,0.0,0.0
2004-04-01 00:00:00-05:00,20.220134735107422,20.242017663534295,20.154484280266388,20.220134735107422,793500,0.0,0.0
2004-04-02 00:00:00-05:00,20.250767222800672,20.2551431398092,20.062571069792273,20.12822151184082,939000,0.0,0.0
2004-04-05 00:00:00-04:00,20.110717313581457,20.16761425999974,19.957533483926124,20.115093231201172,711900,0.0,0.0
2004-04-06 00:00:00-04:00,20.066951506390446,20.084458517487764,19.953159273378823,20.00130271911621,561800,0.0,0.0
2004-04-07 00:00:00-04:00,20.04507114624757,20.04507114624757,19.821862569612318,19.85249900817871,526900,0.0,0.0
2004-04-08 00:00:00-04:00,19.913775711333425,19.926905139081374,19.69494301120888,19.7824764251709,535700,0.0,0.0
2004-04-12 00:00:00-04:00,19.782463519619157,19.79997052490266,19.25726504803353,19.305408477783203,1171200,0.0,0.0
2004-04-13 00:00:00-04:00,19.322921989407803,19.34480491860056,18.806476846568476,19.130348205566406,1385400,0.0,0.0
2004-04-14 00:00:00-04:00,18.97716830239726,19.182871534455934,18.933400769214202,19.10409164428711,1052900,0.0,0.0
2004-04-15 00:00:00-04:00,19.16974012142625,19.344806912130313,19.0734548891436,19.08220672607422,583600,0.0,0.0
2004-04-16 00:00:00-04:00,19.143481589371522,19.19162337153187,19.047194685929473,19.10409164428711,546200,0.0,0.0
2004-04-19 00:00:00-04:00,19.05594824346045,19.07345525678043,18.937778407891606,18.98592185974121,447300,0.0,0.0
2004-04-20 00:00:00-04:00,18.964036458206916,19.16973799446602,18.88963249606688,18.898386001586914,543700,0.0,0.0
2004-04-21 00:00:00-04:00,18.85024187541719,18.985918701738353,18.7889690085497,18.90713882446289,739600,0.0,0.0
2004-04-22 00:00:00-04:00,18.823985257653206,19.239767658355568,18.823985257653206,19.06907844543457,460300,0.0,0.0
2004-04-23 00:00:00-04:00,19.108464709953452,19.117218215283174,18.889632085391657,19.042814254760742,470100,0.0,0.0
2004-04-26 00:00:00-04:00,19.042817935462253,19.178494789956694,19.042817935462253,19.13910484313965,418700,0.0,0.0
2004-04-27 00:00:00-04:00,19.22664214678749,19.252902673183307,19.108472282347968,19.23101806640625,574300,0.0,0.0
2004-04-28 00:00:00-04:00,19.231017156847802,19.231017156847802,19.077834934019922,19.174121856689453,453000,0.0,0.0
2004-04-29 00:00:00-04:00,19.174116255503904,19.292286079834387,18.981542466419924,19.077829360961914,901700,0.0,0.0
2004-04-30 00:00:00-04:00,19.077832423144947,19.209131692511264,19.016559542078053,19.134729385375977,547000,0.0,0.0
2004-05-03 00:00:00-04:00,19.13472522594262,19.13472522594262,18.88525616750701,19.042814254760742,560600,0.0,0.0
2004-05-04 00:00:00-04:00,19.090962063435818,19.152234945190266,18.933402270603917,19.060325622558594,397300,0.0,0.0
2004-05-05 00:00:00-04:00,18.907144622432778,19.12597731095732,18.907144622432778,18.929027557373047,449000,0.0,0.0
2004-05-06 00:00:00-04:00,18.894004093405243,18.972783955509847,18.66641968016982,18.95090103149414,600900,0.0,0.0
2004-05-07 00:00:00-04:00,18.84148330003323,18.84148330003323,18.403818174970624,18.473844528198242,755400,0.0,0.0
2004-05-10 00:00:00-04:00,18.408210442700494,18.465105752252494,17.944284439086914,17.944284439086914,1288900,0.0,0.0
2004-05-11 00:00:00-04:00,18.163113461896803,18.1718669699366,17.76921394791081,17.847993850708008,1068200,0.0,0.0
2004-05-12 00:00:00-04:00,17.909258248639308,18.036181550714687,17.747322600561155,18.001169204711914,1322100,0.0,0.0
2004-05-13 00:00:00-04:00,18.058067156439513,18.101834682390603,17.953028433277705,18.014301300048828,501100,0.0,0.0
2004-05-14 00:00:00-04:00,18.381941524634012,18.486981925095694,18.237511182694263,18.373188018798828,1630000,0.0,0.0
2004-05-17 00:00:00-04:00,18.373191744104982,18.373191744104982,18.16311257014697,18.21125602722168,705800,0.0,0.0
2004-05-18 00:00:00-04:00,18.22875677769757,18.465094723701657,18.22875677769757,18.381938934326172,713500,0.0,0.0
2004-05-19 00:00:00-04:00,18.48698299599191,18.605151157710708,18.307540289877362,18.338176727294922,695500,0.0,0.0
2004-05-20 00:00:00-04:00,18.381941049705453,18.723319420654914,18.355680532878385,18.565759658813477,648800,0.0,0.0
2004-05-21 00:00:00-04:00,18.627033321883143,18.71018911691658,18.416954205829924,18.46072006225586,605700,0.0,0.0
2004-05-24 00:00:00-04:00,18.46510232199762,18.780221939086914,18.447596975151196,18.780221939086914,363100,0.0,0.0
2004-05-25 00:00:00-04:00,18.68392517902774,19.13472143153337,18.657666337806116,19.112836837768555,586800,0.0,0.0
2004-05-26 00:00:00-04:00,19.108465978582988,19.375442065402847,18.999049659037833,19.191621780395508,796600,0.0,0.0
2004-05-27 00:00:00-04:00,19.257276458961105,19.467355638166097,19.196003573721427,19.235393524169922,656800,0.0,0.0
2004-05-28 00:00:00-04:00,19.28353569733494,19.36669151182405,19.217885227775625,19.34480857849121,466700,0.0,0.0
2004-06-01 00:00:00-04:00,19.344809410125105,19.40170637488513,19.196003119679496,19.309795379638672,639000,0.0,0.0
2004-06-02 00:00:00-04:00,19.401698097604157,19.484853880191665,19.366684082055635,19.458593368530273,464500,0.0,0.0
2004-06-03 00:00:00-04:00,19.458592553301223,19.51986540838392,19.37105918765733,19.493606567382812,768700,0.0,0.0
2004-06-04 00:00:00-04:00,19.493616170982115,19.515499105783775,19.270405895146855,19.375446319580078,1704800,0.0,0.0
2004-06-07 00:00:00-04:00,19.448714635293438,19.457595530325325,19.275541416815546,19.413192749023438,2421900,0.635,0.0
2004-06-08 00:00:00-04:00,19.417622006990708,19.417622006990708,19.106797621862707,19.12455940246582,580100,0.0,0.0
2004-06-09 00:00:00-04:00,19.186730365881225,19.235574431968146,19.049080754753206,19.075721740722656,481700,0.0,0.0
2004-06-10 00:00:00-04:00,19.049076000771684,19.137881523650037,19.017993728992906,19.133441925048828,426800,0.0,0.0
2004-06-14 00:00:00-04:00,19.13344654762258,19.155647933705946,18.95139247156749,19.05352020263672,387000,0.0,0.0
2004-06-15 00:00:00-04:00,19.15564497272246,19.2888549624889,19.120123099251305,19.195608139038086,354300,0.0,0.0
2004-06-16 00:00:00-04:00,19.17785235124102,19.24445821387672,19.097925993621164,19.18673324584961,318600,0.0,0.0
2004-06-17 00:00:00-04:00,19.129005308824446,19.235572630435943,19.07571995416166,19.16008758544922,411000,0.0,0.0
2004-06-18 00:00:00-04:00,19.160089795486098,19.23557484917971,19.093483941403427,19.204492568969727,555800,0.0,0.0
2004-06-21 00:00:00-04:00,19.20449232672389,19.528637311865847,19.160089553800365,19.43539047241211,604600,0.0,0.0
2004-06-22 00:00:00-04:00,19.484227993693647,19.501988080582667,19.35989722233066,19.399860382080078,326100,0.0,0.0
2004-06-23 00:00:00-04:00,19.413184642098546,19.550834222966593,19.395422859452083,19.537513732910156,417600,0.0,0.0
2004-06-24 00:00:00-04:00,19.537507195985466,19.559708569936927,19.45314129742742,19.501983642578125,364500,0.0,0.0
2004-06-25 00:00:00-04:00,19.510866389047337,19.537509056640154,19.390976925664273,19.448701858520508,478300,0.0,0.0
2004-06-28 00:00:00-04:00,19.462028251381188,19.648521883324197,19.38654152379227,19.408742904663086,751000,0.0,0.0
2004-06-29 00:00:00-04:00,19.43538666316016,19.479789427380936,19.08015946782329,19.129003524780273,454000,0.0,0.0
2004-06-30 00:00:00-04:00,19.142327593360676,19.23113483225897,18.889228063507716,19.075721740722656,733200,0.0,0.0
2004-07-01 00:00:00-04:00,18.693857713591207,18.849270854297696,18.64945492702234,18.844829559326172,2991300,0.0,0.0
2004-07-02 00:00:00-04:00,18.884784147572518,19.03131632548561,18.884784147572518,19.017995834350586,741000,0.0,0.0
2004-07-06 00:00:00-04:00,18.942511729303813,19.124565806809578,18.938072129594637,19.075721740722656,733000,0.0,0.0
2004-07-07 00:00:00-04:00,19.022440533765984,19.10680649000304,18.982477355788973,19.05796241760254,396700,0.0,0.0
2004-07-08 00:00:00-04:00,19.05796198915805,19.08460467182957,19.00023871748915,19.044641494750977,598100,0.0,0.0
2004-07-09 00:00:00-04:00,19.026868932124188,19.07571297576813,18.92474124716704,18.995786666870117,519100,0.0,0.0
2004-07-12 00:00:00-04:00,18.942512918973573,19.000237881961414,18.831504286843195,18.902549743652344,460100,0.0,0.0
2004-07-13 00:00:00-04:00,18.880340072408305,18.982467765897717,18.83593562272385,18.951385498046875,539100,0.0,0.0
2004-07-14 00:00:00-04:00,18.95139209752013,19.195610727331324,18.906989326229787,19.146766662597656,569300,0.0,0.0
2004-07-15 00:00:00-04:00,19.12900592061003,19.34214226450661,19.10236324242655,19.24889373779297,329800,0.0,0.0
2004-07-16 00:00:00-04:00,19.359894183750544,19.38209725312612,19.27996787679633,19.319931030273438,599600,0.0,0.0
2004-07-19 00:00:00-04:00,19.342138055336235,19.470906737224798,19.33769676301028,19.4043025970459,477700,0.0,0.0
2004-07-20 00:00:00-04:00,19.759526932130864,19.799490088062466,19.515308398707283,19.768407821655273,2107100,0.0,0.0
2004-07-21 00:00:00-04:00,19.86165398087641,19.86165398087641,19.53750914603452,19.617435455322266,952100,0.0,0.0
2004-07-22 00:00:00-04:00,19.61743994128185,19.639641322526078,19.484229959959688,19.56859588623047,845600,0.0,0.0
2004-07-23 00:00:00-04:00,19.617443621367908,19.67072728512103,19.41762776497229,19.43094825744629,854300,0.0,0.0
2004-07-26 00:00:00-04:00,19.47535266638316,19.573040794531906,19.315499981724162,19.32438087463379,633100,0.0,0.0
2004-07-27 00:00:00-04:00,19.408746419179675,19.488672759873026,19.19117047584773,19.24889373779297,743700,0.0,0.0
2004-07-28 00:00:00-04:00,19.337699494007577,19.51531394728197,19.20892910007649,19.493112564086914,553500,0.0,0.0
2004-07-29 00:00:00-04:00,19.670722113880135,19.8039320851719,19.555273923789056,19.5819149017334,695900,0.0,0.0
2004-07-30 00:00:00-04:00,19.62188155029135,19.84389877319336,19.5597169988959,19.84389877319336,537000,0.0,0.0
2004-08-02 00:00:00-04:00,19.86609999005973,20.101437682261672,19.821695533323723,20.012630462646484,717600,0.0,0.0
2004-08-03 00:00:00-04:00,20.05259799287354,20.176927111091135,19.999314327045596,20.110322952270508,1042300,0.0,0.0
2004-08-04 00:00:00-04:00,20.088120913287963,20.283495477547046,19.870543269619567,20.21245002746582,712200,0.0,0.0
2004-08-05 00:00:00-04:00,20.181369237615886,20.2479733991855,19.914947509765625,19.914947509765625,670600,0.0,0.0
2004-08-06 00:00:00-04:00,19.9371497679368,20.256853456761647,19.9371497679368,20.110322952270508,612800,0.0,0.0
2004-08-09 00:00:00-04:00,20.28348927374201,20.28348927374201,20.057030806344756,20.08367347717285,920100,0.0,0.0
2004-08-10 00:00:00-04:00,20.159158914400734,20.23908522794085,20.065910419366254,20.234643936157227,753900,0.0,0.0
2004-08-11 00:00:00-04:00,20.14583385463776,20.376731872558594,20.14583385463776,20.376731872558594,560800,0.0,0.0
2004-08-12 00:00:00-04:00,20.314569261860292,20.430017434772942,20.234642952206755,20.239084243774414,761600,0.0,0.0
2004-08-13 00:00:00-04:00,20.27017498498717,20.29237637053934,20.119203191832426,20.21245002746582,625100,0.0,0.0
2004-08-16 00:00:00-04:00,20.212447479560645,20.37230014555726,20.150282930307945,20.3145751953125,350900,0.0,0.0
2004-08-17 00:00:00-04:00,20.314574366484223,20.367858021690164,20.216886253725953,20.341217041015625,497900,0.0,0.0
2004-08-18 00:00:00-04:00,20.403388158682382,20.505515903157892,20.319020509090617,20.483314514160156,550500,0.0,0.0
2004-08-19 00:00:00-04:00,20.487748631308534,20.50106912237075,20.256850521040732,20.305694580078125,495700,0.0,0.0
2004-08-20 00:00:00-04:00,20.30569867592461,20.465551376342773,20.239094513321906,20.465551376342773,448000,0.0,0.0
2004-08-23 00:00:00-04:00,20.46997920301988,20.509942355139653,20.35453103792737,20.4211368560791,419600,0.0,0.0
2004-08-24 00:00:00-04:00,20.425577000970566,20.452219667716648,20.336769805673335,20.40337562561035,515200,0.0,0.0
2004-08-25 00:00:00-04:00,20.421140324572136,20.518826728901864,20.40337854420069,20.514387130737305,593700,0.0,0.0
2004-08-26 00:00:00-04:00,20.514389903487675,20.57211485056874,20.47442673917876,20.541030883789062,415500,0.0,0.0
2004-08-27 00:00:00-04:00,20.576561253209363,20.598762642087276,20.532158475453542,20.56768035888672,527600,0.0,0.0
2004-08-30 00:00:00-04:00,20.58098662173538,20.736399624127802,20.58098662173538,20.678674697875977,737500,0.0,0.0
2004-08-31 00:00:00-04:00,20.72309516428939,20.81634372299987,20.683133674087617,20.77638053894043,860300,0.0,0.0
2004-09-01 00:00:00-04:00,20.81633404716474,20.865178104295694,20.69200325796135,20.807453155517578,677900,0.0,0.0
2004-09-02 00:00:00-04:00,20.807457805407108,20.865182767085148,20.74085195009727,20.78081512451172,383800,0.0,0.0
2004-09-03 00:00:00-04:00,20.84298471646772,20.860746508018064,20.71865556333064,20.77638053894043,708000,0.0,0.0
2004-09-07 00:00:00-04:00,20.864148545424694,20.8911577710231,20.801128736189433,20.837141036987305,735700,0.635,0.0
2004-09-08 00:00:00-04:00,20.837143640073492,20.837143640073492,20.477029172912438,20.53104591369629,691900,0.0,0.0
2004-09-09 00:00:00-04:00,20.53104804085869,20.657087688133352,20.499538129040022,20.589567184448242,486200,0.0,0.0
2004-09-10 00:00:00-04:00,20.58955619463317,20.805624781987984,20.48152104237552,20.78761863708496,468800,0.0,0.0
2004-09-13 00:00:00-04:00,20.787623733316693,20.819133636041613,20.612068070374736,20.738107681274414,531200,0.0,0.0
2004-09-14 00:00:00-04:00,20.78762256471603,20.792123243211904,20.71109729299968,20.76511573791504,471000,0.0,0.0
2004-09-15 00:00:00-04:00,20.78312301641729,20.787625412690822,20.55805128325014,20.679590225219727,502300,0.0,0.0
2004-09-16 00:00:00-04:00,20.72010293522635,21.02169994665456,20.697596105635835,20.9766845703125,475000,0.0,0.0
2004-09-17 00:00:00-04:00,21.04421273357878,21.125238716770827,20.97669050853157,21.03520965576172,1062300,0.0,0.0
2004-09-20 00:00:00-04:00,21.035193856528675,21.04419692758366,20.8731420118594,20.963171005249023,366900,0.0,0.0
2004-09-21 00:00:00-04:00,21.030702749683414,21.111728708889228,20.9091638108747,21.066713333129883,478300,0.0,0.0
2004-09-22 00:00:00-04:00,21.02170589761688,21.05321581139584,20.859653931232785,21.03520965576172,453000,0.0,0.0
2004-09-23 00:00:00-04:00,21.03521228827641,21.03521228827641,20.760624390557176,20.77412986755371,413700,0.0,0.0
2004-09-24 00:00:00-04:00,20.86414577995771,20.86414577995771,20.684089451317206,20.8326358795166,521000,0.0,0.0
2004-09-27 00:00:00-04:00,20.84164226425586,20.84164226425586,20.652582831576776,20.760616302490234,451700,0.0,0.0
2004-09-28 00:00:00-04:00,20.954171184536705,20.98118040189124,20.756108742084916,20.78761863708496,638600,0.0,0.0
2004-09-29 00:00:00-04:00,20.819137703763083,20.828140780180814,20.598566624431722,20.693098068237305,380100,0.0,0.0
2004-09-30 00:00:00-04:00,20.72461379194379,20.77412986755371,20.630084038776694,20.77412986755371,527800,0.0,0.0
2004-10-01 00:00:00-04:00,20.864144503114066,20.922663621992353,20.684088185492648,20.882150650024414,513500,0.0,0.0
2004-10-04 00:00:00-04:00,20.94066669320109,20.96767590959958,20.8416346169004,20.909156799316406,377200,0.0,0.0
2004-10-05 00:00:00-04:00,20.976697526470684,21.156755708728955,20.95419068297892,20.985700607299805,623000,0.0,0.0
2004-10-06 00:00:00-04:00,21.057718255893953,21.057718255893953,20.913672433076133,20.99920082092285,532600,0.0,0.0
2004-10-07 00:00:00-04:00,21.02170509343973,21.02170509343973,20.823640823364258,20.823640823364258,371700,0.0,0.0
2004-10-08 00:00:00-04:00,20.886649977564545,20.949669765333923,20.796620973396685,20.909156799316406,373100,0.0,0.0
2004-10-11 00:00:00-04:00,20.90916548245388,20.913666161809118,20.742612871731808,20.9046630859375,300700,0.0,0.0
2004-10-12 00:00:00-04:00,20.954180978706102,21.206261973691845,20.918170389228877,21.15674591064453,734100,0.0,0.0
2004-10-13 00:00:00-04:00,21.11172358527049,21.170240983814498,20.78311743204046,20.86414337158203,446800,0.0,0.0
2004-10-14 00:00:00-04:00,20.868646369412623,21.012692106722543,20.792121105563865,20.958675384521484,417900,0.0,0.0
2004-10-15 00:00:00-04:00,20.95867986562947,21.143238613340262,20.95867986562947,21.066713333129883,566300,0.0,0.0
2004-10-18 00:00:00-04:00,21.071223732331763,21.102733648750558,20.931678590218773,20.99920082092285,413800,0.0,0.0
2004-10-19 00:00:00-04:00,21.03069940251825,21.10722295338843,20.810128389305216,20.828134536743164,407800,0.0,0.0
2004-10-20 00:00:00-04:00,20.864150573136424,20.927172105657537,20.711101714193227,20.81463623046875,488400,0.0,0.0
2004-10-21 00:00:00-04:00,20.886649857314136,20.886649857314136,20.729098671637335,20.78311538696289,540600,0.0,0.0
2004-10-22 00:00:00-04:00,20.823635841492376,21.29178545510097,20.778622182059678,21.161243438720703,1082400,0.0,0.0
2004-10-25 00:00:00-04:00,21.291780490496073,21.74192384850724,21.278276739247143,21.543861389160156,900200,0.0,0.0
2004-10-26 00:00:00-04:00,21.584381358776472,22.01651871046864,21.51685914631655,21.804950714111328,1262200,0.0,0.0
2004-10-27 00:00:00-04:00,21.714917911629183,21.818450685377066,21.503349968618732,21.507850646972656,842500,0.0,0.0
2004-10-28 00:00:00-04:00,21.525866313642606,21.575382383236036,21.066719646269213,21.449342727661133,428700,0.0,0.0
2004-10-29 00:00:00-04:00,21.56186654112753,21.656396229831444,21.471837530245466,21.60688018798828,540700,0.0,0.0
2004-11-01 00:00:00-05:00,21.606890337485336,21.710423147626422,21.530366758444195,21.65640640258789,378300,0.0,0.0
2004-11-02 00:00:00-05:00,21.656407407361783,21.705923474761693,21.341306565221714,21.363813400268555,368000,0.0,0.0
2004-11-03 00:00:00-05:00,21.606877721867455,21.845453113888425,21.5708654347607,21.764427185058594,534900,0.0,0.0
2004-11-04 00:00:00-05:00,21.831954091378606,22.25508825352849,21.782438044466875,22.22808074951172,478000,0.0,0.0
2004-11-05 00:00:00-05:00,22.102044404221154,22.102044404221154,21.705919374178887,21.890478134155273,817400,0.0,0.0
2004-11-08 00:00:00-05:00,21.899473081733447,21.994002766283433,21.87696454213161,21.921979904174805,497500,0.0,0.0
2004-11-09 00:00:00-05:00,21.980503371551993,22.10204058024926,21.926484926396736,22.0975399017334,575200,0.0,0.0
2004-11-10 00:00:00-05:00,22.120053530057564,22.13355728691807,21.84546569281826,21.989511489868164,663700,0.0,0.0
2004-11-11 00:00:00-05:00,22.04353061320189,22.223587006337443,21.92199164632566,22.165069580078125,476300,0.0,0.0
2004-11-12 00:00:00-05:00,22.16956508542949,22.228084215191032,21.994009413305857,22.19207191467285,1331800,0.0,0.0
2004-11-15 00:00:00-05:00,22.19657164576521,22.19657164576521,21.976000624476924,22.061527252197266,473400,0.0,0.0
2004-11-16 00:00:00-05:00,22.04802349970479,22.22357915075016,22.04802349970479,22.061527252197266,538600,0.0,0.0
2004-11-17 00:00:00-05:00,22.12454238038668,22.151549877571153,21.746421965361325,21.82744789123535,646400,0.0,0.0
2004-11-18 00:00:00-05:00,21.921991498933668,22.012020553476837,21.87697611308139,21.9580020904541,572500,0.0,0.0
2004-11-19 00:00:00-05:00,21.966999053955078,22.025518180695798,21.741927338817913,21.966999053955078,626300,0.0,0.0
2004-11-22 00:00:00-05:00,21.944497904975314,22.174070358276367,21.899484237162987,22.174070358276367,623400,0.0,0.0
2004-11-23 00:00:00-05:00,22.223579258576894,22.36762500973152,22.17406320964984,22.291101455688477,810400,0.0,0.0
2004-11-24 00:00:00-05:00,22.327106970010547,22.430641440004475,22.273090254871413,22.295597076416016,672500,0.0,0.0
2004-11-26 00:00:00-05:00,22.358623854714754,22.44865288620393,22.336117026132698,22.394636154174805,194100,0.0,0.0
2004-11-29 00:00:00-05:00,22.394635002020046,22.417141829444173,22.05702743917552,22.16956329345703,443100,0.0,0.0
2004-11-30 00:00:00-05:00,22.169564087704323,22.22358081888961,21.782440460361098,21.795944213867188,728000,0.0,0.0
2004-12-01 00:00:00-05:00,21.93099256390142,21.93099256390142,21.63389791318084,21.87697410583496,595200,0.0,0.0
2004-12-02 00:00:00-05:00,21.872469875399986,21.87697055426092,21.606885176420054,21.683408737182617,469500,0.0,0.0
2004-12-03 00:00:00-05:00,21.800453162464702,22.034528024172385,21.78694940489973,21.90398597717285,722600,0.0,0.0
2004-12-06 00:00:00-05:00,22.006604377024217,22.08870169316405,21.846971673344527,22.070457458496094,2027500,0.635,0.0
2004-12-07 00:00:00-05:00,22.157113376094102,22.16623375219257,21.906259536743164,21.906259536743164,491700,0.0,0.0
2004-12-08 00:00:00-05:00,22.047645744546095,22.056767858863644,21.824158293429683,21.8560848236084,519800,0.0,0.0
2004-12-09 00:00:00-05:00,21.833292288719072,22.111510837272906,21.8150497900224,22.056779861450195,710900,0.0,0.0
2004-12-10 00:00:00-05:00,22.453574521112454,22.453574521112454,21.924503969405443,22.152551651000977,428800,0.0,0.0
2004-12-13 00:00:00-05:00,22.280261062688872,22.389724731445312,22.161677016413222,22.389724731445312,435400,0.0,0.0
2004-12-14 00:00:00-05:00,22.389715338501688,22.44900820669794,22.225520774183003,22.43988609313965,537000,0.0,0.0
2004-12-15 00:00:00-05:00,22.508301929202556,22.667936325073242,22.33954715858768,22.667936325073242,491900,0.0,0.0
2004-12-16 00:00:00-05:00,22.66794468500463,22.71355353500795,22.508310230260804,22.677066802978516,456600,0.0,0.0
2004-12-17 00:00:00-05:00,22.531112189425333,22.70898910704796,22.44445295478247,22.599525451660156,640800,0.0,0.0
2004-12-20 00:00:00-05:00,22.681626425331682,22.80021221616321,22.608651223229995,22.645139694213867,735600,0.0,0.0
2004-12-21 00:00:00-05:00,22.80477015816387,22.80933034665451,22.553918034397242,22.690746307373047,651000,0.0,0.0
2004-12-22 00:00:00-05:00,22.791079750223098,22.90510356047658,22.663371899630814,22.708982467651367,526700,0.0,0.0
2004-12-23 00:00:00-05:00,22.868617329569624,22.868617329569624,22.64056968688965,22.64056968688965,342900,0.0,0.0
2004-12-27 00:00:00-05:00,22.70442412725442,22.750034702479514,22.46269416809082,22.46269416809082,293500,0.0,0.0
2004-12-28 00:00:00-05:00,22.57216448881492,22.718114892996976,22.45357869800071,22.622333526611328,453200,0.0,0.0
2004-12-29 00:00:00-05:00,22.622329680919886,22.722671219187223,22.531111998712227,22.69530487060547,287000,0.0,0.0
2004-12-30 00:00:00-05:00,22.804769200553576,22.891426697163986,22.722671892242317,22.873184204101562,321900,0.0,0.0
2004-12-31 00:00:00-05:00,22.96896719687308,22.96896719687308,22.736357542475957,22.86862564086914,529700,0.0,0.0
2005-01-03 00:00:00-05:00,22.895977729864278,22.923342326368886,22.380589704026043,22.444442749023438,718100,0.0,0.0
2005-01-04 00:00:00-05:00,22.567613186257493,22.567613186257493,22.23466356120198,22.266590118408203,579600,0.0,0.0
2005-01-05 00:00:00-05:00,22.26657449771079,22.293940844632154,22.00660029148765,22.065893173217773,581200,0.0,0.0
2005-01-06 00:00:00-05:00,21.974677717644067,22.316749286424496,21.970115789068718,22.289382934570312,604300,0.0,0.0
2005-01-07 00:00:00-05:00,22.37148143120477,22.53111588231528,22.243775262209212,22.280261993408203,465400,0.0,0.0
2005-01-10 00:00:00-05:00,22.348664213620566,22.503736647146415,22.28024923946958,22.480932235717773,601300,0.0,0.0
2005-01-11 00:00:00-05:00,22.517428240501154,22.517428240501154,22.257454015202505,22.380599975585938,432000,0.0,0.0
2005-01-12 00:00:00-05:00,22.485498585770596,22.52654723354041,22.284817274376813,22.46269416809082,544600,0.0,0.0
2005-01-13 00:00:00-05:00,22.494620700815616,22.62232683171479,22.40340129023097,22.46269416809082,333900,0.0,0.0
2005-01-14 00:00:00-05:00,22.54480255311996,22.69075298590026,22.380607881275527,22.581289291381836,337700,0.0,0.0
2005-01-18 00:00:00-05:00,22.57672213499391,22.777403483175483,22.435331935675574,22.73635482788086,615700,0.0,0.0
2005-01-19 00:00:00-05:00,22.804764673212176,22.89598407987812,22.699862964499253,22.76827621459961,613300,0.0,0.0
2005-01-20 00:00:00-05:00,22.76827621459961,22.80932486060601,22.604083370439476,22.76827621459961,495400,0.0,0.0
2005-01-21 00:00:00-05:00,22.76827642933037,22.80020470085022,22.485497831877947,22.526546478271484,625500,0.0,0.0
2005-01-24 00:00:00-05:00,22.617770755403388,22.827574219978594,22.558477866765745,22.809329986572266,618500,0.0,0.0
2005-01-25 00:00:00-05:00,22.809328042848552,22.836694390625993,22.531111336506964,22.563037872314453,355400,0.0,0.0
2005-01-26 00:00:00-05:00,22.572164565600747,22.80021229039424,22.55392033004941,22.745479583740234,424600,0.0,0.0
2005-01-27 00:00:00-05:00,22.745471689457077,22.804764564487073,22.5402284604036,22.667936325073242,494300,0.0,0.0
2005-01-28 00:00:00-05:00,22.713558197021484,22.713558197021484,22.48551042046531,22.713558197021484,572300,0.0,0.0
2005-01-31 00:00:00-05:00,22.754595354949934,22.8594970703125,22.686182100512912,22.8594970703125,479000,0.0,0.0
2005-02-01 00:00:00-05:00,22.859489016225044,23.21068249950222,22.759149263763682,23.169633865356445,700800,0.0,0.0
2005-02-02 00:00:00-05:00,23.21526449722114,23.2380689270487,23.00089902913579,23.082996368408203,519300,0.0,0.0
2005-02-03 00:00:00-05:00,22.98721661053121,23.110360878991138,22.82758212276005,23.032825469970703,470700,0.0,0.0
2005-02-04 00:00:00-05:00,23.13770779250756,23.16963431525588,22.98719729096048,23.02824592590332,918900,0.0,0.0
2005-02-07 00:00:00-05:00,23.12404492871616,23.12404492871616,22.968972370808824,23.032825469970703,485700,0.0,0.0
2005-02-08 00:00:00-05:00,23.12404492871616,23.22894669732017,22.996336990525936,23.032825469970703,884300,0.0,0.0
2005-02-09 00:00:00-05:00,23.041945241819217,23.329285898633643,23.041945241819217,23.247188568115234,755400,0.0,0.0
2005-02-10 00:00:00-05:00,23.306476189404876,23.31559830695019,23.174209834662896,23.251745223999023,689300,0.0,0.0
2005-02-11 00:00:00-05:00,23.283668486538108,23.456985215759573,23.09210926466105,23.356643676757812,759400,0.0,0.0
2005-02-14 00:00:00-05:00,23.470668315257846,23.69871600990248,23.40681523913588,23.561887741088867,1094300,0.0,0.0
2005-02-15 00:00:00-05:00,23.680470911082306,23.680470911082306,23.461545341010563,23.502593994140625,727900,0.0,0.0
2005-02-16 00:00:00-05:00,23.502595083629362,23.502595083629362,23.20613412160571,23.39313316345215,1238600,0.0,0.0
2005-02-17 00:00:00-05:00,23.456988435281477,23.46611055279419,23.30191591729735,23.397695541381836,660800,0.0,0.0
2005-02-18 00:00:00-05:00,23.397687052494994,23.397687052494994,23.174201344047106,23.265419006347656,718400,0.0,0.0
2005-02-22 00:00:00-05:00,23.26543127375617,23.26543127375617,22.71355612246406,22.759166717529297,1051700,0.0,0.0
2005-02-23 00:00:00-05:00,22.895994801703438,22.996334630144577,22.85494613647461,22.85494613647461,659600,0.0,0.0
2005-02-24 00:00:00-05:00,22.955279956888017,23.08754628699041,22.923351681494257,23.073863983154297,754100,0.0,0.0
2005-02-25 00:00:00-05:00,23.18332359425908,23.566441953845942,23.04649362027475,23.4113712310791,1058600,0.0,0.0
2005-02-28 00:00:00-05:00,23.461545219089572,23.511715988195128,23.374887725094556,23.475229263305664,1078100,0.0,0.0
2005-03-01 00:00:00-05:00,23.48434373991838,23.694147124413536,23.447855287033033,23.54819679260254,697400,0.0,0.0
2005-03-02 00:00:00-05:00,23.548202797388576,23.61661605419617,23.46610549732695,23.552762985229492,884200,0.0,0.0
2005-03-03 00:00:00-05:00,23.552758900579004,23.57556331556,23.269980327110904,23.37944221496582,865900,0.0,0.0
2005-03-04 00:00:00-05:00,23.557326066280297,23.716958746512457,23.48891106625753,23.639423370361328,801200,0.0,0.0
2005-03-07 00:00:00-05:00,23.692524777325133,23.761786605304014,23.6232611879,23.68790626525879,1335000,0.635,0.0
2005-03-08 00:00:00-05:00,23.68791098602413,23.692529499010895,23.457034657190665,23.586326599121094,578100,0.0,0.0
2005-03-09 00:00:00-05:00,23.54938459655052,23.54938459655052,23.027603621108195,23.064544677734375,1055600,0.0,0.0
2005-03-10 00:00:00-05:00,23.069162052405698,23.240011801748246,22.879843535697574,23.216922760009766,635500,0.0,0.0
2005-03-11 00:00:00-05:00,23.216916902009586,23.318503023398044,22.829044702053633,22.85675048828125,780900,0.0,0.0
2005-03-14 00:00:00-05:00,22.902926452505966,23.24924087524414,22.902926452505966,23.24924087524414,783200,0.0,0.0
2005-03-15 00:00:00-05:00,23.364679307657806,23.406237109362714,23.0645411944079,23.10148048400879,503800,0.0,0.0
2005-03-16 00:00:00-05:00,23.133807453100435,23.216923072426987,22.74593515005873,22.884462356567383,713000,0.0,0.0
2005-03-17 00:00:00-05:00,23.01836517147659,23.36467960291172,22.91678080270576,22.953720092773438,762500,0.0,0.0
2005-03-18 00:00:00-05:00,22.958339633345233,23.018366202574864,22.718228072087623,22.782873153686523,988600,0.0,0.0
2005-03-21 00:00:00-05:00,22.796721475458124,22.889072331975264,22.69051860696954,22.713605880737305,461900,0.0,0.0
2005-03-22 00:00:00-05:00,22.718226474438094,22.74131375032176,22.025597629250626,22.20568084716797,772000,0.0,0.0
2005-03-23 00:00:00-05:00,22.210294964575283,22.330351603250755,21.937860913976053,22.2287654876709,749200,0.0,0.0
2005-03-24 00:00:00-05:00,22.2980298867426,22.45964256614425,22.27955936296924,22.30264663696289,1373500,0.0,0.0
2005-03-28 00:00:00-05:00,22.302650945443688,22.40885383548789,22.251857875977667,22.261093139648438,433100,0.0,0.0
2005-03-29 00:00:00-05:00,22.27955835727245,22.27955835727245,21.979418524564984,22.03483009338379,584700,0.0,0.0
2005-03-30 00:00:00-05:00,22.187207781506974,22.404232025146484,22.141033235026498,22.404232025146484,1721600,0.0,0.0
2005-03-31 00:00:00-05:00,22.593553873625517,22.713608769353595,22.48273247942196,22.6304931640625,691700,0.0,0.0
2005-04-01 00:00:00-05:00,22.967573506405397,23.08762839904407,22.496585675691346,22.653581619262695,770100,0.0,0.0
2005-04-04 00:00:00-04:00,22.727461469420135,22.74593023304182,22.487349927876053,22.695138931274414,528300,0.0,0.0
2005-04-05 00:00:00-04:00,22.750556608314756,22.898317337036133,22.62588316318481,22.898317337036133,682000,0.0,0.0
2005-04-06 00:00:00-04:00,22.990669525895484,23.230781163933848,22.902935377288106,23.106107711791992,1038600,0.0,0.0
2005-04-07 00:00:00-04:00,23.10610860518916,23.216928281524368,22.995287167406957,23.189224243164062,533700,0.0,0.0
2005-04-08 00:00:00-04:00,23.193838132204206,23.21230866312868,22.972197045450855,23.009138107299805,606600,0.0,0.0
2005-04-11 00:00:00-04:00,23.15689225977508,23.309269693039663,23.087628669189,23.207683563232422,380100,0.0,0.0
2005-04-12 00:00:00-04:00,23.179981796774012,23.544766788069825,22.93525171122993,23.49859046936035,686100,0.0,0.0
2005-04-13 00:00:00-04:00,23.410855994934014,23.641732283323016,23.341592403838796,23.470884323120117,967900,0.0,0.0
2005-04-14 00:00:00-04:00,23.447784895770663,23.49857793854203,23.184586184542212,23.406227111816406,816500,0.0,0.0
2005-04-15 00:00:00-04:00,23.36468503771838,23.36930355095507,22.999901757121137,23.004518508911133,693700,0.0,0.0
2005-04-18 00:00:00-04:00,23.004514067002354,23.221538349607812,22.861370128898233,23.11533546447754,528500,0.0,0.0
2005-04-19 00:00:00-04:00,23.083018623979715,23.38315682699988,22.999902995710308,23.30004119873047,621000,0.0,0.0
2005-04-20 00:00:00-04:00,23.184596087418612,23.304652741875582,23.0645411944079,23.10148048400879,520300,0.0,0.0
2005-04-21 00:00:00-04:00,23.364669327862153,23.549370981313402,23.1753509257251,23.406227111816406,606500,0.0,0.0
2005-04-22 00:00:00-04:00,23.40624158301585,23.664823705430106,23.323125963720074,23.586326599121094,512000,0.0,0.0
2005-04-25 00:00:00-04:00,23.678668610999768,23.780254728843982,23.54014320758698,23.729461669921875,450500,0.0,0.0
2005-04-26 00:00:00-04:00,23.729459904497745,23.729459904497745,23.521670934114606,23.572463989257812,518900,0.0,0.0
2005-04-27 00:00:00-04:00,23.577089822516957,23.849523943526204,23.355448772425003,23.720232009887695,726200,0.0,0.0
2005-04-28 00:00:00-04:00,23.724858396289292,23.84953185861336,23.54939184619092,23.563243865966797,641600,0.0,0.0
2005-04-29 00:00:00-04:00,23.687904559926622,23.87260627746582,23.572466426826157,23.87260627746582,932300,0.0,0.0
2005-05-02 00:00:00-04:00,23.872621701220268,24.11273338457545,23.85415116524358,24.07579231262207,755800,0.0,0.0
2005-05-03 00:00:00-04:00,24.080397234682913,24.214304141309356,23.988046368376,24.057308197021484,661800,0.0,0.0
2005-05-04 00:00:00-04:00,24.191216525675994,24.389770268943828,23.955723493271442,24.371299743652344,767100,0.0,0.0
2005-05-05 00:00:00-04:00,24.371300710743885,24.385154485985357,24.080397852367643,24.366683959960938,727300,0.0,0.0
2005-05-06 00:00:00-04:00,24.472889277663693,24.625268490358557,24.24201296372347,24.24662971496582,781700,0.0,0.0
2005-05-09 00:00:00-04:00,24.26509741918572,24.50520896911621,24.029604381406628,24.50520896911621,927800,0.0,0.0
2005-05-10 00:00:00-04:00,24.449799087002866,24.449799087002866,24.21430428841724,24.329742431640625,614300,0.0,0.0
2005-05-11 00:00:00-04:00,24.38053092657697,24.588319897720133,24.205064488562083,24.51905632019043,617500,0.0,0.0
2005-05-12 00:00:00-04:00,24.523681849733048,24.689913074220186,24.403625182516134,24.5513858795166,499400,0.0,0.0
2005-05-13 00:00:00-04:00,24.551382309917237,24.551382309917237,23.86337199481191,24.140422821044922,896500,0.0,0.0
2005-05-16 00:00:00-04:00,24.149657994786605,24.47750188229619,23.99728056935172,24.472885131835938,705600,0.0,0.0
2005-05-17 00:00:00-04:00,24.472879991831643,24.828429591765715,24.362058628153225,24.773019790649414,1111200,0.0,0.0
2005-05-18 00:00:00-04:00,24.773025643286648,24.883845271700427,24.639116977627616,24.70376205444336,720800,0.0,0.0
2005-05-19 00:00:00-04:00,24.72684708947809,24.81458119558856,24.46826680564784,24.588321685791016,606200,0.0,0.0
2005-05-20 00:00:00-04:00,24.588317992788955,24.66219831442213,24.4913504009165,24.597553253173828,787300,0.0,0.0
2005-05-23 00:00:00-04:00,24.611408233642578,24.676053302693585,24.43594178804268,24.611408233642578,857800,0.0,0.0
2005-05-24 00:00:00-04:00,24.699143307127628,24.699143307127628,24.472883795117617,24.606792449951172,784900,0.0,0.0
2005-05-25 00:00:00-04:00,24.73607575804864,24.925394170297093,24.606785650594748,24.76839828491211,690400,0.0,0.0
2005-05-26 00:00:00-04:00,24.7730245460099,24.976195030066915,24.75917077198713,24.77764129638672,475500,0.0,0.0
2005-05-27 00:00:00-04:00,25.211684255588903,25.211684255588903,24.902310944978314,25.040836334228516,850400,0.0,0.0
2005-05-31 00:00:00-04:00,25.08240836016967,25.382548341731223,25.073173094119646,25.202465057373047,1047900,0.0,0.0
2005-06-01 00:00:00-04:00,25.23478769881926,25.525690653932873,25.216317166652615,25.396400451660156,794300,0.0,0.0
2005-06-02 00:00:00-04:00,25.442566766104687,25.497978344627022,25.336363882773036,25.428714752197266,724000,0.0,0.0
2005-06-03 00:00:00-04:00,25.11010957392423,25.31328010559082,25.017758691731572,25.31328010559082,1419500,0.0,0.0
2005-06-06 00:00:00-04:00,25.110060844062467,25.21750833242825,24.91852370704713,24.94655418395996,1178700,0.635,0.0
2005-06-07 00:00:00-04:00,24.890492817613183,25.296926706713013,24.890492817613183,25.091373443603516,775100,0.0,0.0
2005-06-08 00:00:00-04:00,25.03065178244886,25.170800647347008,24.95590382027438,25.133426666259766,525400,0.0,0.0
2005-06-09 00:00:00-04:00,25.133431352952375,25.208177546975456,24.965251970877976,25.025983810424805,727300,0.0,0.0
2005-06-10 00:00:00-04:00,25.18013426207437,25.226849938012947,24.98392450253698,25.06801414489746,485000,0.0,0.0
2005-06-13 00:00:00-04:00,24.937212851266356,25.30160017224512,24.93254021366509,25.16145133972168,476900,0.0,0.0
2005-06-14 00:00:00-04:00,25.26423408682077,25.399710314479908,25.110069086329638,25.2875919342041,378600,0.0,0.0
2005-06-15 00:00:00-04:00,25.264226760330146,25.29225545622616,24.97925647146059,25.142763137817383,477900,0.0,0.0
2005-06-16 00:00:00-04:00,25.142773258062775,25.437087158058617,25.13342976164024,25.273578643798828,1027600,0.0,0.0
2005-06-17 00:00:00-04:00,25.296932744929595,25.49314078063437,25.250215273031316,25.455768585205078,1806600,0.0,0.0
2005-06-20 00:00:00-04:00,25.432408958211273,25.539856470443315,25.296932744929595,25.455768585205078,628100,0.0,0.0
2005-06-21 00:00:00-04:00,25.549190355916007,25.572549974124392,25.37634023012367,25.516489028930664,580000,0.0,0.0
2005-06-22 00:00:00-04:00,25.665987831947863,25.684674818421364,25.493137662290753,25.647302627563477,567500,0.0,0.0
2005-06-23 00:00:00-04:00,25.647296818939928,25.670654655697142,25.43707272394756,25.586565017700195,544800,0.0,0.0
2005-06-24 00:00:00-04:00,25.586560766605142,25.75941086839671,25.427725008121744,25.460426330566406,574800,0.0,0.0
2005-06-27 00:00:00-04:00,25.460425377130562,25.572545465662486,25.259544814156776,25.535171508789062,431000,0.0,0.0
2005-06-28 00:00:00-04:00,25.577223873686474,25.834163665771484,25.577223873686474,25.834163665771484,598800,0.0,0.0
2005-06-29 00:00:00-04:00,25.927598427039612,25.96497239729211,25.810807443134028,25.89022445678711,423000,0.0,0.0
2005-06-30 00:00:00-04:00,26.030373433132553,26.086432602911913,25.796791479948205,25.834163665771484,456500,0.0,0.0
2005-07-01 00:00:00-04:00,25.974314344265863,26.095777966603446,25.792120692848492,25.983657836914062,455900,0.0,0.0
2005-07-05 00:00:00-04:00,25.98365690515378,26.04438871414476,25.74540408847984,25.99767303466797,433800,0.0,0.0
2005-07-06 00:00:00-04:00,26.002343164579006,26.044387987771074,25.670657216113213,25.71737289428711,468300,0.0,0.0
2005-07-07 00:00:00-04:00,25.623937054738487,25.8762059672983,25.530505708239627,25.824817657470703,589100,0.0,0.0
2005-07-08 00:00:00-04:00,25.824826871122216,26.035051039924774,25.754753336247585,25.969648361206055,662300,0.0,0.0
2005-07-11 00:00:00-04:00,25.988329542354823,26.16585055003778,25.885552908999156,25.99767303466797,787500,0.0,0.0
2005-07-12 00:00:00-04:00,26.002343922028338,26.235925883879865,25.941612112962037,26.1191349029541,288900,0.0,0.0
2005-07-13 00:00:00-04:00,26.02568967966059,26.161167582341722,25.96963053382596,26.13780975341797,551600,0.0,0.0
2005-07-14 00:00:00-04:00,26.137816624624584,26.20789012981703,25.778100261953234,25.946279525756836,772000,0.0,0.0
2005-07-15 00:00:00-04:00,25.950961850165733,25.9883358284584,25.829499984893307,25.857528686523438,508200,0.0,0.0
2005-07-18 00:00:00-04:00,25.80613602787015,25.96964268895406,25.80613602787015,25.82015037536621,465300,0.0,0.0
2005-07-19 00:00:00-04:00,25.885558933508538,26.067752620795623,25.824827110383055,25.974319458007812,602800,0.0,0.0
2005-07-20 00:00:00-04:00,25.997666944578135,26.03036826896922,25.759412401627632,25.99299430847168,474300,0.0,0.0
2005-07-21 00:00:00-04:00,25.810810243592098,25.927601240169437,25.390361943078002,25.63328742980957,832900,0.0,0.0
2005-07-22 00:00:00-04:00,25.63329076377319,25.806142744293652,25.46978406013428,25.745410919189453,508500,0.0,0.0
2005-07-25 00:00:00-04:00,25.750072841939446,25.84817861217588,25.623938379140142,25.665983200073242,291700,0.0,0.0
2005-07-26 00:00:00-04:00,25.665990368085247,25.726722189080675,25.53985587005903,25.567886352539062,831400,0.0,0.0
2005-07-27 00:00:00-04:00,25.637956365159017,25.81547737121582,25.55853757226925,25.81547737121582,755100,0.0,0.0
2005-07-28 00:00:00-04:00,26.161181795675738,26.170525288739167,25.974315498585277,26.151838302612305,766500,0.0,0.0
2005-07-29 00:00:00-04:00,26.063076633379254,26.221912444220628,25.885553837241478,25.983657836914062,449400,0.0,0.0
2005-08-01 00:00:00-04:00,26.08643281096314,26.08643281096314,25.675328071095045,25.71737289428711,501200,0.0,0.0
2005-08-02 00:00:00-04:00,25.77342347514043,26.119125437519234,25.77342347514043,26.091094970703125,658700,0.0,0.0
2005-08-03 00:00:00-04:00,26.091100347395223,26.520892016702856,26.03504118429898,26.263952255249023,619300,0.0,0.0
2005-08-04 00:00:00-04:00,26.26395627902379,26.26395627902379,26.025701680707755,26.147165298461914,444900,0.0,0.0
2005-08-05 00:00:00-04:00,26.11446622363535,26.119137079142412,25.395033293489757,25.642629623413086,708900,0.0,0.0
2005-08-08 00:00:00-04:00,25.796796817206868,25.806140311118043,25.063349475027664,25.16612434387207,1029100,0.0,0.0
2005-08-09 00:00:00-04:00,25.236191986493008,25.45575957144377,25.13808800337877,25.40437126159668,747200,0.0,0.0
2005-08-10 00:00:00-04:00,25.521156453765126,25.815468336532167,25.250200620259637,25.46509552001953,567300,0.0,0.0
2005-08-11 00:00:00-04:00,25.511816802452305,25.675323428585223,25.409040190546715,25.553861618041992,473100,0.0,0.0
2005-08-12 00:00:00-04:00,25.553866891761324,25.661314379978823,25.34831362552877,25.577224731445312,504300,0.0,0.0
2005-08-15 00:00:00-04:00,25.595906767492984,25.67065290928421,25.516487989414973,25.619264602661133,327000,0.0,0.0
2005-08-16 00:00:00-04:00,25.619259462338963,25.619259462338963,25.16611006622602,25.180126190185547,377700,0.0,0.0
2005-08-17 00:00:00-04:00,25.13808944089413,25.222179083254613,24.84377569263245,25.06801414489746,497900,0.0,0.0
2005-08-18 00:00:00-04:00,25.086704811375128,25.217510148879217,24.960570329315157,25.15677833557129,461200,0.0,0.0
2005-08-19 00:00:00-04:00,25.273561055389806,25.423053329936074,25.06333876949495,25.38568115234375,406100,0.0,0.0
2005-08-22 00:00:00-04:00,25.385678704612303,25.61458973036405,25.142753336375783,25.348304748535156,717400,0.0,0.0
2005-08-23 00:00:00-04:00,25.310949742855676,25.581903979848846,25.310949742855676,25.49781608581543,341500,0.0,0.0
2005-08-24 00:00:00-04:00,25.50248946134796,25.651981837645423,25.23153341550275,25.2362060546875,697400,0.0,0.0
2005-08-25 00:00:00-04:00,25.343649579324453,25.446426240053,25.24554555704143,25.413724899291992,609300,0.0,0.0
2005-08-26 00:00:00-04:00,25.474453506122142,25.497813132853917,25.296932461167977,25.301603317260742,581900,0.0,0.0
2005-08-29 00:00:00-04:00,25.170789216484586,25.530505601687768,25.044654760731106,25.493131637573242,584500,0.0,0.0
2005-08-30 00:00:00-04:00,25.493145833465068,25.591249870762017,25.236205924410807,25.507160186767578,587300,0.0,0.0
2005-08-31 00:00:00-04:00,25.516494451905963,25.665986773349918,25.343644289378084,25.66131591796875,719600,0.0,0.0
2005-09-01 00:00:00-04:00,25.661324740624472,26.077100513969484,25.329638649763808,26.072429656982422,1263000,0.0,0.0
2005-09-02 00:00:00-04:00,26.072423482710754,26.207899688328958,25.904244157569003,26.095781326293945,931800,0.0,0.0
2005-09-06 00:00:00-04:00,26.2304532616029,26.480898383034273,26.183200417413076,26.329687118530273,739700,0.635,0.0
2005-09-07 00:00:00-04:00,26.277706414420134,26.320234692805325,26.06034045937599,26.183198928833008,638700,0.0,0.0
2005-09-08 00:00:00-04:00,26.074510869235414,26.164291971625126,25.946926058946875,25.984729766845703,729400,0.0,0.0
2005-09-09 00:00:00-04:00,26.003633221281625,26.17847268932475,25.994182293070086,26.10759162902832,684700,0.0,0.0
2005-09-12 00:00:00-04:00,26.0178012015233,26.126484133181364,25.89494098133273,26.041427612304688,388200,0.0,0.0
2005-09-13 00:00:00-04:00,26.04143183091406,26.102861950960783,25.871318761603067,25.909122467041016,557700,0.0,0.0
2005-09-14 00:00:00-04:00,25.994182293070086,26.183197252140396,25.92802759816955,26.10759162902832,495700,0.0,0.0
2005-09-15 00:00:00-04:00,26.187915482025605,26.438360512616573,26.145389019228062,26.339128494262695,588300,0.0,0.0
2005-09-16 00:00:00-04:00,26.457263528998844,26.62265023353489,26.31550143644808,26.599023818969727,1116000,0.0,0.0
2005-09-19 00:00:00-04:00,26.599020590538565,26.684077114713414,26.33440009281907,26.3580265045166,376500,0.0,0.0
2005-09-20 00:00:00-04:00,26.282434674291892,26.513977956419037,26.169027117700296,26.225730895996094,655700,0.0,0.0
2005-09-21 00:00:00-04:00,26.230454003197174,26.358038849213372,25.195601544506477,25.474397659301758,1926100,0.0,0.0
2005-09-22 00:00:00-04:00,24.86009748885082,24.997133241525706,24.595476911538647,24.9735050201416,1848500,0.0,0.0
2005-09-23 00:00:00-04:00,24.926248346892375,25.082185931646848,24.76086163813454,24.992403030395508,912600,0.0,0.0
2005-09-26 00:00:00-04:00,25.09162563924134,25.17195758376233,24.864808894102055,24.945140838623047,657200,0.0,0.0
2005-09-27 00:00:00-04:00,25.063285560484726,25.219221351879824,24.836468716813645,25.134164810180664,746400,0.0,0.0
2005-09-28 00:00:00-04:00,25.32789800088811,25.417680885083165,25.06800387825,25.346799850463867,672300,0.0,0.0
2005-09-29 00:00:00-04:00,25.34680713485082,25.54527300727396,25.14361669996575,25.464941024780273,621900,0.0,0.0
2005-09-30 00:00:00-04:00,25.464939722639762,25.50274343072256,25.05383431142942,25.27592658996582,894000,0.0,0.0
2005-10-03 00:00:00-04:00,25.351533649245443,25.7342863012205,25.313729939006855,25.43659019470215,1141800,0.0,0.0
2005-10-04 00:00:00-04:00,25.502740189389666,25.564168503346806,25.030204713892832,25.034929275512695,806800,0.0,0.0
2005-10-05 00:00:00-04:00,24.893166222274118,25.12943393372123,24.619094811757265,24.64744758605957,1818900,0.0,0.0
2005-10-06 00:00:00-04:00,24.5813009633312,24.765589550184394,24.146567294592742,24.505695343017578,1389600,0.0,0.0
2005-10-07 00:00:00-04:00,24.505698808253214,24.79394583976486,24.411191318852282,24.614381790161133,778800,0.0,0.0
2005-10-10 00:00:00-04:00,24.619095795194827,24.661624057057328,24.21744139072203,24.264694213867188,539800,0.0,0.0
2005-10-11 00:00:00-04:00,24.382839975706222,24.609658684737454,24.141847575908777,24.160749435424805,628200,0.0,0.0
2005-10-12 00:00:00-04:00,24.165470479267068,24.335583584972927,23.87722347266328,24.04733657836914,1113600,0.0,0.0
2005-10-13 00:00:00-04:00,23.98590592135833,24.0189850712612,23.442491070643516,23.59370231628418,1316600,0.0,0.0
2005-10-14 00:00:00-04:00,23.72600910283796,23.881946696749967,23.49919225925871,23.829967498779297,929200,0.0,0.0
2005-10-17 00:00:00-04:00,23.744923277917643,24.264711922173003,23.702394985018135,24.104049682617188,740200,0.0,0.0
2005-10-18 00:00:00-04:00,24.104033370188507,24.189089898425436,23.735456282881653,23.792160034179688,719400,0.0,0.0
2005-10-19 00:00:00-04:00,23.79216915347663,23.938655853271484,23.593705046574357,23.938655853271484,1037900,0.0,0.0
2005-10-20 00:00:00-04:00,23.933926630919967,24.037883227478936,23.475566564803295,23.56534767150879,1048700,0.0,0.0
2005-10-21 00:00:00-04:00,23.593699977956078,23.900848804174107,23.527545289867287,23.73546028137207,840400,0.0,0.0
2005-10-24 00:00:00-04:00,23.915010730294814,24.66161553288997,23.79687691068465,24.60491180419922,1135400,0.0,0.0
2005-10-25 00:00:00-04:00,24.486791228592107,24.803390973725588,24.30722722094297,24.633277893066406,1142800,0.0,0.0
2005-10-26 00:00:00-04:00,24.638001401207443,24.638001401207443,24.231620570925198,24.307226181030273,588500,0.0,0.0
2005-10-27 00:00:00-04:00,24.31668524333385,24.392290878734563,23.94338162991384,24.14657211303711,720700,0.0,0.0
2005-10-28 00:00:00-04:00,24.14655200728648,24.614362726077516,24.14655200728648,24.60491180419922,525600,0.0,0.0
2005-10-31 00:00:00-05:00,24.62855460684873,24.95460531972848,24.61910367867741,24.855371475219727,743500,0.0,0.0
2005-11-01 00:00:00-05:00,24.38283535719906,24.543497527492164,24.27415238943905,24.401737213134766,931900,0.0,0.0
2005-11-02 00:00:00-05:00,24.340303148674455,24.49624073107059,24.113486321845457,24.453712463378906,763200,0.0,0.0
2005-11-03 00:00:00-05:00,24.51514647023883,24.6852595679729,24.170195712091495,24.415912628173828,1411200,0.0,0.0
2005-11-04 00:00:00-05:00,24.54822200367473,24.65217859816081,24.26469959419801,24.38283348083496,503500,0.0,0.0
2005-11-07 00:00:00-05:00,24.50097586461134,24.548230517202455,24.037891084702494,24.141849517822266,530400,0.0,0.0
2005-11-08 00:00:00-05:00,24.099315349711468,24.444266117819275,23.985906013753986,24.212724685668945,516200,0.0,0.0
2005-11-09 00:00:00-05:00,24.189095794290246,24.600203048498848,24.160744813020823,24.430089950561523,581900,0.0,0.0
2005-11-10 00:00:00-05:00,24.411185996198284,24.505693464992657,24.06623526729186,24.486791610717773,568600,0.0,0.0
2005-11-11 00:00:00-05:00,24.4773390814576,24.515142787532987,24.203269422730727,24.387557983398438,485900,0.0,0.0
2005-11-14 00:00:00-05:00,24.241079765315085,24.382840107289216,24.066242070299673,24.118221282958984,411600,0.0,0.0
2005-11-15 00:00:00-05:00,24.085142218930333,24.217451621696306,23.943380084446314,24.037887573242188,624000,0.0,0.0
2005-11-16 00:00:00-05:00,24.052066576876424,24.255257061318883,24.00481192783135,24.118221282958984,386800,0.0,0.0
2005-11-17 00:00:00-05:00,24.122935172569804,24.538766887265012,24.122935172569804,24.519865036010742,510400,0.0,0.0
2005-11-18 00:00:00-05:00,24.656895344098697,24.666346267652333,24.160733574298604,24.406452178955078,512400,0.0,0.0
2005-11-21 00:00:00-05:00,24.326120048814513,24.614366906025296,24.326120048814513,24.472606658935547,524600,0.0,0.0
2005-11-22 00:00:00-05:00,24.401736668508967,24.576574325561523,24.22689901145641,24.576574325561523,800300,0.0,0.0
2005-11-23 00:00:00-05:00,24.557675593352155,24.91680185452818,24.477343604388153,24.770315170288086,659300,0.0,0.0
2005-11-25 00:00:00-05:00,24.87900493147206,25.030216208867525,24.81757478672371,25.006587982177734,189600,0.0,0.0
2005-11-28 00:00:00-05:00,25.039659365852867,25.17669330417827,24.845919864172068,25.05855941772461,550800,0.0,0.0
2005-11-29 00:00:00-05:00,25.119991622735427,25.332632996469627,25.02075958251953,25.02075958251953,603500,0.0,0.0
2005-11-30 00:00:00-05:00,25.148352798461666,25.223958445175825,24.78450006034326,24.78922462463379,770000,0.0,0.0
2005-12-01 00:00:00-05:00,24.9309848931133,24.95461312221949,24.68526789415223,24.83647918701172,698000,0.0,0.0
2005-12-02 00:00:00-05:00,24.841199437071058,24.99713706970215,24.666361748050534,24.99713706970215,613900,0.0,0.0
2005-12-05 00:00:00-05:00,24.894301031666494,25.052133213101516,24.655162689720648,24.8369083404541,660400,0.635,0.0
2005-12-06 00:00:00-05:00,24.870391372687997,24.90865438901226,24.612121485942325,24.659950256347656,913900,0.0,0.0
2005-12-07 00:00:00-05:00,24.669516160999773,24.76995384274243,24.35863553715129,24.47820472717285,494500,0.0,0.0
2005-12-08 00:00:00-05:00,24.5355945405652,24.726905951881598,24.42559111762656,24.5451602935791,953000,0.0,0.0
2005-12-09 00:00:00-05:00,24.621682481035666,24.803428124485244,24.54994207601553,24.636030197143555,656000,0.0,0.0
2005-12-12 00:00:00-05:00,24.674287154433397,24.81298779106077,24.48775959285601,24.554718017578125,835700,0.0,0.0
2005-12-13 00:00:00-05:00,24.554724024297197,24.76994888818229,24.5499420604245,24.726903915405273,743600,0.0,0.0
2005-12-14 00:00:00-05:00,24.812994511601502,25.099959787985927,24.769949537695766,25.023435592651367,818300,0.0,0.0
2005-12-15 00:00:00-05:00,25.03300134512828,25.34866387894344,24.970824866268718,25.023435592651367,1155800,0.0,0.0
2005-12-16 00:00:00-05:00,25.095178867106252,25.238661511262535,24.937346681397777,24.999523162841797,938500,0.0,0.0
2005-12-19 00:00:00-05:00,24.913429199932814,25.047346069651496,24.67429089001773,24.736467361450195,693200,0.0,0.0
2005-12-20 00:00:00-05:00,24.731693225184877,24.908656957208812,24.683866274329407,24.822566986083984,413800,0.0,0.0
2005-12-21 00:00:00-05:00,24.942128795130465,24.9803899795784,24.588203260463466,24.636030197143555,611300,0.0,0.0
2005-12-22 00:00:00-05:00,24.726912647727083,24.851263821619437,24.65517039293601,24.746044158935547,424500,0.0,0.0
2005-12-23 00:00:00-05:00,24.774739601266912,24.899092599640596,24.698215380914387,24.746044158935547,311300,0.0,0.0
2005-12-27 00:00:00-05:00,24.803432559997034,24.92300174756009,24.74603986082145,24.755603790283203,484200,0.0,0.0
2005-12-28 00:00:00-05:00,24.755599020254834,24.889517725168442,24.66951090031984,24.77951431274414,432800,0.0,0.0
2005-12-29 00:00:00-05:00,24.889520552230533,24.922999776141488,24.626468725295513,24.669513702392578,356100,0.0,0.0
2005-12-30 00:00:00-05:00,24.669507270765752,24.669507270765752,24.392105974132868,24.506893157958984,377800,0.0,0.0
2006-01-03 00:00:00-05:00,24.726906356368787,24.85125749862202,24.502115718066978,24.803430557250977,900500,0.0,0.0
2006-01-04 00:00:00-05:00,24.82733974558608,24.82733974558608,24.43993501917112,24.679073333740234,1020900,0.0,0.0
2006-01-05 00:00:00-05:00,24.679078571097985,24.760386564036434,24.392113262507916,24.468637466430664,911600,0.0,0.0
2006-01-06 00:00:00-05:00,24.588206530246318,24.86560790842608,24.468637348164883,24.82734489440918,646100,0.0,0.0
2006-01-09 00:00:00-05:00,24.846470047541487,24.860817761888285,24.636027173225983,24.7077693939209,494000,0.0,0.0
2006-01-10 00:00:00-05:00,24.54994554342546,24.741255141646885,24.516464493643745,24.688644409179688,351000,0.0,0.0
2006-01-11 00:00:00-05:00,24.616901276585867,24.65516246221415,24.382544900869934,24.439937591552734,919600,0.0,0.0
2006-01-12 00:00:00-05:00,24.392113645067557,24.439940589089026,24.262978706832424,24.2821102142334,677600,0.0,0.0
2006-01-13 00:00:00-05:00,24.24383807620224,24.425583679156652,24.224708400480942,24.406452178955078,505300,0.0,0.0
2006-01-17 00:00:00-05:00,24.396896580320934,24.66473222114767,24.248631953267004,24.659950256347656,855400,0.0,0.0
2006-01-18 00:00:00-05:00,24.655158675342022,24.827338545425448,24.516458021721434,24.7077693939209,1085900,0.0,0.0
2006-01-19 00:00:00-05:00,24.7221291625746,25.095186337815118,24.640822975657898,25.0473575592041,720900,0.0,0.0
2006-01-20 00:00:00-05:00,24.9660447794268,25.181269665137894,24.76516761126949,24.84647560119629,924100,0.0,0.0
2006-01-23 00:00:00-05:00,24.798651744400704,24.98518123192994,24.769956303612535,24.865612030029297,443700,0.0,0.0
2006-01-24 00:00:00-05:00,24.92778342097526,25.138226356294766,24.774735008641613,25.119094848632812,741900,0.0,0.0
2006-01-25 00:00:00-05:00,25.12387326683855,25.229094719645314,24.478200482478783,24.62168312072754,1331900,0.0,0.0
2006-01-26 00:00:00-05:00,24.726903931108687,24.803428124485244,24.535592535426954,24.636030197143555,844600,0.0,0.0
2006-01-27 00:00:00-05:00,24.70777444585379,24.851257092100674,24.530812576298665,24.5451602935791,589600,0.0,0.0
2006-01-30 00:00:00-05:00,24.50210329453497,24.535582501415597,24.32992347373178,24.334707260131836,459400,0.0,0.0
2006-01-31 00:00:00-05:00,24.382551882005334,24.4303806583358,24.176892704987484,24.27733039855957,761700,0.0,0.0
2006-02-01 00:00:00-05:00,24.181680544933453,24.526038669781368,24.181680544933453,24.4925594329834,662100,0.0,0.0
2006-02-02 00:00:00-05:00,24.37298271856088,24.4542907147124,24.086017398630723,24.22471809387207,846900,0.0,0.0
2006-02-03 00:00:00-05:00,24.062090623231605,24.133831001311698,23.86121355075134,23.999914169311523,593400,0.0,0.0
2006-02-06 00:00:00-05:00,24.009483575068582,24.090789714173216,23.971220574680324,24.047744750976562,656400,0.0,0.0
2006-02-07 00:00:00-05:00,23.98078608739522,24.133834438472693,23.899479949095422,24.009483337402344,582500,0.0,0.0
2006-02-08 00:00:00-05:00,23.89949219893961,24.057322593675163,23.88514265434096,24.033409118652344,607100,0.0,0.0
2006-02-09 00:00:00-05:00,24.10514259338379,24.29167018493517,23.995137364257072,24.10514259338379,746600,0.0,0.0
2006-02-10 00:00:00-05:00,24.119488155474325,24.31558148094646,24.071661227107608,24.243839263916016,626400,0.0,0.0
2006-02-13 00:00:00-05:00,24.148183425528032,24.306013735770584,24.148183425528032,24.20079231262207,406000,0.0,0.0
2006-02-14 00:00:00-05:00,24.157754161733635,24.296454835992034,23.866006921215916,23.9090518951416,887800,0.0,0.0
2006-02-15 00:00:00-05:00,23.861212350439832,24.00469492386229,23.77034047965092,23.93773651123047,769200,0.0,0.0
2006-02-16 00:00:00-05:00,23.870790374957608,23.976011834338387,23.856442657580537,23.96166229248047,665300,0.0,0.0
2006-02-17 00:00:00-05:00,23.937740012936956,24.019047971941003,23.818170880180546,23.9903507232666,1358000,0.0,0.0
2006-02-21 00:00:00-05:00,24.004709737172437,24.25341386933735,23.95688279134424,24.172107696533203,689000,0.0,0.0
2006-02-22 00:00:00-05:00,24.248625726917382,24.463850577275224,24.248625726917382,24.449501037597656,749100,0.0,0.0
2006-02-23 00:00:00-05:00,24.286894826825566,24.51168550209337,24.243849842720696,24.39689826965332,774000,0.0,0.0
2006-02-24 00:00:00-05:00,24.463852327626654,24.511679264692308,24.372978592928927,24.454286575317383,453300,0.0,0.0
2006-02-27 00:00:00-05:00,24.396898448229415,24.664734109562552,24.396898448229415,24.526033401489258,658400,0.0,0.0
2006-02-28 00:00:00-05:00,24.51168871241051,24.583430970141833,24.157763038474133,24.23428726196289,638500,0.0,0.0
2006-03-01 00:00:00-05:00,24.2390656208667,24.2390656208667,24.01905875569443,24.095582962036133,439400,0.0,0.0
2006-03-02 00:00:00-05:00,23.98080062866211,23.995148350125586,23.803838707514213,23.98080062866211,926300,0.0,0.0
2006-03-03 00:00:00-05:00,23.961655774398526,24.411236924380106,23.93296034745015,24.205577850341797,1109100,0.0,0.0
2006-03-06 00:00:00-05:00,24.164407841362372,24.266121683526958,23.83020442525178,23.86410903930664,1341900,0.635,0.0
2006-03-07 00:00:00-05:00,23.86410603616826,23.86410603616826,23.665521101267704,23.77692222595215,855500,0.0,0.0
2006-03-08 00:00:00-05:00,23.776926959239624,24.048165739203498,23.496000882027428,23.849580764770508,867300,0.0,0.0
2006-03-09 00:00:00-05:00,24.21768027226802,24.309706792144183,23.965816175716945,24.241897583007812,1435100,0.0,0.0
2006-03-10 00:00:00-05:00,24.246746284914494,24.498610424378185,24.203154379090726,24.421112060546875,743000,0.0,0.0
2006-03-13 00:00:00-05:00,24.382368121364838,24.50829928480036,24.28549700074978,24.387210845947266,761000,0.0,0.0
2006-03-14 00:00:00-05:00,24.43565122364697,24.57126970551965,24.27581357201425,24.54705238342285,561100,0.0,0.0
2006-03-15 00:00:00-05:00,24.547041350099118,24.58578867850533,24.319394559851993,24.430795669555664,594400,0.0,0.0
2006-03-16 00:00:00-05:00,24.576118421744063,24.808608078861855,24.547056521730507,24.731111526489258,451500,0.0,0.0
2006-03-17 00:00:00-05:00,24.82313676098217,24.82313676098217,24.51799329418433,24.619709014892578,639600,0.0,0.0
2006-03-20 00:00:00-05:00,24.672987071006357,24.73111086948937,24.295191619184298,24.363000869750977,474500,0.0,0.0
2006-03-21 00:00:00-05:00,24.421122706790822,24.421122706790822,24.086919181556347,24.193477630615234,661500,0.0,0.0
2006-03-22 00:00:00-05:00,24.217699256592205,24.474406277459657,24.120828090033072,24.396909713745117,498200,0.0,0.0
2006-03-23 00:00:00-05:00,24.459857940673828,24.517979858038856,24.24189844097692,24.459857940673828,721500,0.0,0.0
2006-03-24 00:00:00-05:00,24.488921896225467,24.561573837166282,24.34361431901865,24.474390029907227,468800,0.0,0.0
2006-03-27 00:00:00-05:00,24.547045676224194,24.57610756339747,24.241902327724343,24.314556121826172,912900,0.0,0.0
2006-03-28 00:00:00-05:00,24.266124931200483,24.658452179052134,24.16925564817225,24.435649871826172,766700,0.0,0.0
2006-03-29 00:00:00-05:00,24.38721473179013,24.66329626855279,24.324250063871094,24.54705238342285,466600,0.0,0.0
2006-03-30 00:00:00-05:00,24.556737495498375,24.663294072770174,24.246751365865727,24.367839813232422,829500,0.0,0.0
2006-03-31 00:00:00-05:00,24.353308823270627,24.464709977154477,24.09660189682798,24.13050651550293,907700,0.0,0.0
2006-04-03 00:00:00-04:00,24.353304822953515,24.58579439039107,24.130502551783714,24.270965576171875,835000,0.0,0.0
2006-04-04 00:00:00-04:00,24.241901713343694,24.479235833420358,24.111125995872392,24.421112060546875,544100,0.0,0.0
2006-04-05 00:00:00-04:00,24.421116376350188,24.808600873333887,24.36299444086784,24.769851684570312,628100,0.0,0.0
2006-04-06 00:00:00-04:00,24.71172574786218,24.73110033910691,24.29033855043424,24.295181274414062,644800,0.0,0.0
2006-04-07 00:00:00-04:00,24.246751160131815,24.358152309044367,24.023947014643653,24.04332160949707,663200,0.0,0.0
2006-04-10 00:00:00-04:00,23.980352910389005,24.280653560207067,23.980352910389005,24.019102096557617,510300,0.0,0.0
2006-04-11 00:00:00-04:00,24.096609360799466,24.145044017434078,23.713969291329388,23.796310424804688,869900,0.0,0.0
2006-04-12 00:00:00-04:00,23.801144841775603,24.106288245498206,23.738178332002953,24.053009033203125,644600,0.0,0.0
2006-04-13 00:00:00-04:00,24.05784642718052,24.06269099867734,23.883480654210892,23.931915283203125,432600,0.0,0.0
2006-04-17 00:00:00-04:00,23.936763185466344,24.062696204350484,23.917390438275987,24.04332160949707,432700,0.0,0.0
2006-04-18 00:00:00-04:00,24.14019149464545,24.48408222112457,24.06753769151303,24.406585693359375,570200,0.0,0.0
2006-04-19 00:00:00-04:00,24.406584735784243,24.5422031921367,24.241904389786452,24.32908821105957,344200,0.0,0.0
2006-04-20 00:00:00-04:00,24.358162355719756,24.648774007733333,24.32910045145287,24.396909713745117,458600,0.0,0.0
2006-04-21 00:00:00-04:00,24.537356914394483,24.687507217657515,24.29033735500059,24.353302001953125,544500,0.0,0.0
2006-04-24 00:00:00-04:00,24.35814660341839,24.513139630614198,24.207996299970056,24.5082950592041,587000,0.0,0.0
2006-04-25 00:00:00-04:00,24.517989191547436,24.517989191547436,24.043322682435022,24.13050651550293,520600,0.0,0.0
2006-04-26 00:00:00-04:00,24.135350178658644,24.285498670656622,23.849581369408945,23.90285873413086,624700,0.0,0.0
2006-04-27 00:00:00-04:00,23.849586916795566,24.527681270125836,23.738183893534877,24.363000869750977,761500,0.0,0.0
2006-04-28 00:00:00-04:00,24.358162355719756,24.459876249158125,24.188637352325316,24.396909713745117,467500,0.0,0.0
2006-05-01 00:00:00-04:00,24.372680234847003,24.498613242898557,23.90285651221212,24.028789520263672,544500,0.0,0.0
2006-05-02 00:00:00-04:00,24.06754215493225,24.1983179162257,23.990045612795022,24.149883270263672,518400,0.0,0.0
2006-05-03 00:00:00-04:00,24.106288245498206,24.14988016031572,23.86411135154825,24.053009033203125,866900,0.0,0.0
2006-05-04 00:00:00-04:00,24.014261690955927,24.135350137930907,23.8302067342083,24.053009033203125,911400,0.0,0.0
2006-05-05 00:00:00-04:00,24.174096361004366,24.469552453570852,24.111129854146842,24.425960540771484,464400,0.0,0.0
2006-05-08 00:00:00-04:00,24.343623173144795,24.4743989315984,24.217691987780178,24.26612663269043,487000,0.0,0.0
2006-05-09 00:00:00-04:00,24.145026982790203,24.21768076414761,23.87863286391706,23.9803466796875,741300,0.0,0.0
2006-05-10 00:00:00-04:00,23.975502791092,24.246741467624407,23.975502791092,24.188617706298828,508700,0.0,0.0
2006-05-11 00:00:00-04:00,24.135347833525685,24.135347833525685,23.733333341074196,23.86895179748535,633000,0.0,0.0
2006-05-12 00:00:00-04:00,23.786620110507414,23.883491259168114,23.544443162687404,23.549285888671875,680400,0.0,0.0
2006-05-15 00:00:00-04:00,23.54928324179395,23.849583953655454,23.54928324179395,23.8011474609375,549700,0.0,0.0
2006-05-16 00:00:00-04:00,23.85442809209476,23.868958116939186,23.539597337600746,23.602563858032227,925900,0.0,0.0
2006-05-17 00:00:00-04:00,23.515378726606503,23.68005910726252,23.248984482279706,23.34101104736328,1082000,0.0,0.0
2006-05-18 00:00:00-04:00,23.30226094044967,23.4863158964782,23.229607133483313,23.268356323242188,572300,0.0,0.0
2006-05-19 00:00:00-04:00,23.370068682157076,23.839892415827713,23.248980243389422,23.612245559692383,1020200,0.0,0.0
2006-05-22 00:00:00-04:00,23.491151922905168,24.140185884990903,23.491151922905168,23.956130981445312,1155800,0.0,0.0
2006-05-23 00:00:00-04:00,24.014269664607042,24.08207892180219,23.4378872831209,23.442731857299805,782300,0.0,0.0
2006-05-24 00:00:00-04:00,23.4572471167172,23.878634269471767,23.452402545588257,23.78660774230957,1087700,0.0,0.0
2006-05-25 00:00:00-04:00,23.907701238208993,23.946448577169146,23.738176318227453,23.88832664489746,527000,0.0,0.0
2006-05-26 00:00:00-04:00,23.922234210818452,23.985200723018107,23.77692843838037,23.970670700073242,476200,0.0,0.0
2006-05-30 00:00:00-04:00,23.965828025220407,23.999732646552168,23.602562641525886,23.66068458557129,571200,0.0,0.0
2006-05-31 00:00:00-04:00,23.757553842678455,24.16441111410297,23.757553842678455,23.970670700073242,1096200,0.0,0.0
2006-06-01 00:00:00-04:00,23.990036845903337,24.241900977724224,23.86410570382421,24.207996368408203,565300,0.0,0.0
2006-06-02 00:00:00-04:00,24.207999783411992,24.49376856486208,24.048164009468938,24.484081268310547,1414700,0.0,0.0
2006-06-05 00:00:00-04:00,24.466918914819413,24.623883758812486,24.35410055014742,24.520875930786133,1389500,0.635,0.0
2006-06-06 00:00:00-04:00,24.658216347511594,24.697456617588188,24.339380498985967,24.569923400878906,1211900,0.0,0.0
2006-06-07 00:00:00-04:00,24.457103190884656,24.64840393697878,24.408050518060428,24.462007522583008,591400,0.0,0.0
2006-06-08 00:00:00-04:00,24.466920678947066,24.81518633471951,24.373721509677907,24.68274688720703,893100,0.0,0.0
2006-06-09 00:00:00-04:00,24.623884897187608,24.90347865542407,24.525781397364423,24.84952163696289,647300,0.0,0.0
2006-06-12 00:00:00-04:00,24.84951397486745,25.163443580569727,24.761221039367676,24.957427978515625,799000,0.0,0.0
2006-06-13 00:00:00-04:00,24.957440414723024,25.114405295789226,24.80047553365682,24.80537986755371,1252700,0.0,0.0
2006-06-14 00:00:00-04:00,24.648406116487017,24.736699064209688,24.462009685609342,24.638595581054688,857400,0.0,0.0
2006-06-15 00:00:00-04:00,24.579738592836684,24.89857263059733,24.520877240986334,24.82990074157715,714000,0.0,0.0
2006-06-16 00:00:00-04:00,24.731794691714235,24.967243817183007,24.638597404960493,24.80046844482422,727400,0.0,0.0
2006-06-19 00:00:00-04:00,24.795568951683013,24.844621645751182,24.52578568339941,24.648414611816406,806500,0.0,0.0
2006-06-20 00:00:00-04:00,24.648406116487017,24.790656073503357,24.57973423962901,24.638595581054688,622800,0.0,0.0
2006-06-21 00:00:00-04:00,24.677834597300162,24.761221331161465,24.530678455621047,24.66802406311035,560200,0.0,0.0
2006-06-22 00:00:00-04:00,24.618978602122738,24.628789139185685,24.285427826657074,24.511066436767578,602300,0.0,0.0
2006-06-23 00:00:00-04:00,24.363909215624517,24.795563472189745,24.363909215624517,24.520875930786133,626400,0.0,0.0
2006-06-26 00:00:00-04:00,24.54049887569621,24.726895358054392,24.52578400406779,24.5748348236084,325100,0.0,0.0
2006-06-27 00:00:00-04:00,24.668030533899444,24.888762933151423,24.530684890382346,24.589548110961914,604900,0.0,0.0
2006-06-28 00:00:00-04:00,24.589537866832988,24.68273512050467,24.55029573612842,24.614063262939453,432300,0.0,0.0
2006-06-29 00:00:00-04:00,24.766139860268403,24.93781961611718,24.589553899298803,24.874052047729492,588000,0.0,0.0
2006-06-30 00:00:00-04:00,24.903469823140334,24.981952220930527,24.721979629094506,24.77103042602539,597500,0.0,0.0
2006-07-03 00:00:00-04:00,24.893672318474696,25.05063719620802,24.756328518250278,25.00649070739746,265300,0.0,0.0
2006-07-05 00:00:00-04:00,24.824996408576553,25.021201538467263,24.7710393897268,24.82990074157715,637500,0.0,0.0
2006-07-06 00:00:00-04:00,24.756318759709988,24.820084429725107,24.535586402666336,24.633689880371094,447300,0.0,0.0
2006-07-07 00:00:00-04:00,24.535591901963365,24.96724617791242,24.530685697835963,24.903478622436523,484200,0.0,0.0
2006-07-10 00:00:00-04:00,24.903470820402468,25.011384823373398,24.820082216879104,24.923091888427734,435100,0.0,0.0
2006-07-11 00:00:00-04:00,24.92310235575949,25.07516101889759,24.883860203227837,25.021203994750977,646800,0.0,0.0
2006-07-12 00:00:00-04:00,25.026101954313287,25.045723024114764,24.883852005004883,24.883852005004883,554900,0.0,0.0
2006-07-13 00:00:00-04:00,24.967248526696807,25.08497124046851,24.746516099413867,24.810283660888672,677200,0.0,0.0
2006-07-14 00:00:00-04:00,24.775944185307512,24.913289837080832,24.560117977047547,24.68274688720703,472200,0.0,0.0
2006-07-17 00:00:00-04:00,24.71708716490518,24.967251233335116,24.697466086759892,24.874052047729492,533200,0.0,0.0
2006-07-18 00:00:00-04:00,24.888761399082895,24.9378122087073,24.697458750743465,24.80046844482422,464100,0.0,0.0
2006-07-19 00:00:00-04:00,24.908377973930694,25.138920871427874,24.883852571704416,25.12911033630371,425200,0.0,0.0
2006-07-20 00:00:00-04:00,25.10949841036494,25.403808957766266,25.031015971958368,25.364566802978516,590700,0.0,0.0
2006-07-21 00:00:00-04:00,25.506814563935375,25.506814563935375,25.251746193755768,25.349849700927734,596700,0.0,0.0
2006-07-24 00:00:00-04:00,25.467574004691564,25.497005620033683,25.227222361821987,25.33513641357422,691300,0.0,0.0
2006-07-25 00:00:00-04:00,25.340041391820638,25.43814490762108,25.212508131098314,25.364566802978516,916800,0.0,0.0
2006-07-26 00:00:00-04:00,25.36456334870636,25.43323523906391,25.27627038362703,25.37928009033203,1053900,0.0,0.0
2006-07-27 00:00:00-04:00,25.379286918463315,25.462673701712532,25.094786871960665,25.119312286376953,911800,0.0,0.0
2006-07-28 00:00:00-04:00,25.256649428519953,25.49209669534696,25.227217818478373,25.41361427307129,704300,0.0,0.0
2006-07-31 00:00:00-04:00,25.413611397912355,25.511713011281845,25.178164157722577,25.261550903320312,452700,0.0,0.0
2006-08-01 00:00:00-04:00,25.330224192098584,25.521524968460653,25.212501501030435,25.516620635986328,785300,0.0,0.0
2006-08-02 00:00:00-04:00,25.501906512832797,25.663775685575153,25.389086279772723,25.438138961791992,535800,0.0,0.0
2006-08-03 00:00:00-04:00,25.43813623634838,25.443040568440612,24.844612881269043,25.016292572021484,1341200,0.0,0.0
2006-08-04 00:00:00-04:00,25.13891553554866,25.271354924861445,24.96723588523644,25.035907745361328,1081400,0.0,0.0
2006-08-07 00:00:00-04:00,24.9034769862361,25.011391015925387,24.462012202205845,24.47182273864746,1671300,0.0,0.0
2006-08-08 00:00:00-04:00,24.525773276631032,24.68764427841744,24.427669809290908,24.60425567626953,1560900,0.0,0.0
2006-08-09 00:00:00-04:00,24.726890414925077,24.820087701888777,24.63369312796138,24.692554473876953,736900,0.0,0.0
2006-08-10 00:00:00-04:00,24.6925537584408,24.731794030858094,24.51596785464198,24.717079162597656,635600,0.0,0.0
2006-08-11 00:00:00-04:00,24.609155649341147,24.746501227760685,24.609155649341147,24.66311264038086,447600,0.0,0.0
2006-08-14 00:00:00-04:00,24.77103639383156,24.957432835177645,24.707268845524244,24.947622299194336,808300,0.0,0.0
2006-08-15 00:00:00-04:00,25.138925097474583,25.325321553831834,25.05063213768265,25.28607940673828,1034100,0.0,0.0
2006-08-16 00:00:00-04:00,25.33513560149773,25.384186420993473,25.021203994750977,25.021203994750977,1082400,0.0,0.0
2006-08-17 00:00:00-04:00,25.02609755411727,25.134011547883286,24.79555470240546,24.996665954589844,665500,0.0,0.0
2006-08-18 00:00:00-04:00,25.01139000201733,25.31060293109894,24.98195839388557,25.232120513916016,704800,0.0,0.0
2006-08-21 00:00:00-04:00,25.237033542256192,25.4773851912399,25.20760192616538,25.364566802978516,454200,0.0,0.0
2006-08-22 00:00:00-04:00,25.36945944355336,25.550949634486518,25.359648910101846,25.546045303344727,879600,0.0,0.0
2006-08-23 00:00:00-04:00,25.58039642076352,25.600015628145652,25.310611268607527,25.457767486572266,795700,0.0,0.0
2006-08-24 00:00:00-04:00,25.506811406623804,25.629440307617188,25.398897374975693,25.629440307617188,798000,0.0,0.0
2006-08-25 00:00:00-04:00,25.678493859722394,25.791314107303766,25.6049176339761,25.69321060180664,634700,0.0,0.0
2006-08-28 00:00:00-04:00,25.752073672912168,25.948280696982852,25.673591237517666,25.909038543701172,623300,0.0,0.0
2006-08-29 00:00:00-04:00,25.933559357442842,26.04637772137841,25.776594514474354,26.041473388671875,507700,0.0,0.0
2006-08-30 00:00:00-04:00,26.124856667406657,26.124856667406657,25.953176977989024,26.002227783203125,595000,0.0,0.0
2006-08-31 00:00:00-04:00,26.002231943247505,26.33578271133869,26.002231943247505,26.26711082458496,782400,0.0,0.0
2006-09-01 00:00:00-04:00,26.37501845328693,26.37501845328693,26.13466503685252,26.237674713134766,575800,0.0,0.0
2006-09-05 00:00:00-04:00,26.160742410534173,26.230239334959276,25.867861162136126,26.006855010986328,1254300,0.635,0.0
2006-09-06 00:00:00-04:00,25.947286105717026,26.056496638856466,25.76361539478636,26.041603088378906,656400,0.0,0.0
2006-09-07 00:00:00-04:00,26.041594155618583,26.061450953677976,25.763606557381053,25.85792350769043,528100,0.0,0.0
2006-09-08 00:00:00-04:00,25.92741970250507,25.947276500024728,25.80331755847988,25.897634506225586,594200,0.0,0.0
2006-09-11 00:00:00-04:00,25.922471147218243,26.046573361605695,25.838080656737034,26.021751403808594,691800,0.0,0.0
2006-09-12 00:00:00-04:00,26.076351228501352,26.08627963081424,25.718938213483003,25.87282371520996,818600,0.0,0.0
2006-09-13 00:00:00-04:00,25.97210022889938,26.026705482988735,25.723895905692277,25.98699188232422,1154400,0.0,0.0
2006-09-14 00:00:00-04:00,25.912528755529515,26.10116454979676,25.82317505791074,25.85792350769043,629600,0.0,0.0
2006-09-15 00:00:00-04:00,26.116051493723972,26.309650505782823,26.011806163176615,26.25008201599121,1158300,0.0,0.0
2006-09-18 00:00:00-04:00,26.349371712639044,26.399011819542206,26.021740189942896,26.076345443725586,717200,0.0,0.0
2006-09-19 00:00:00-04:00,25.986986237246214,26.180587157957298,25.986986237246214,26.160730361938477,717600,0.0,0.0
2006-09-20 00:00:00-04:00,26.225261969715387,26.3394356975027,26.195476777995506,26.25008201599121,869700,0.0,0.0
2006-09-21 00:00:00-04:00,26.22527192312434,26.284840435524288,26.051527745955262,26.185558319091797,1852600,0.0,0.0
2006-09-22 00:00:00-04:00,26.18555016762109,26.220298613508064,26.051519636207797,26.106124877929688,1569000,0.0,0.0
2006-09-25 00:00:00-04:00,26.076342943711296,26.50325463928451,26.076342943711296,26.2600154876709,1277200,0.0,0.0
2006-09-26 00:00:00-04:00,26.374192839809446,26.37915609324234,26.14584341527198,26.205413818359375,1089700,0.0,0.0
2006-09-27 00:00:00-04:00,26.130948139991443,26.533039783688377,26.130948139991443,26.49332618713379,863200,0.0,0.0
2006-09-28 00:00:00-04:00,26.542969166325545,26.542969166325545,26.235194462569,26.478435516357422,1140600,0.0,0.0
2006-09-29 00:00:00-04:00,26.54793511469241,26.55290026177408,26.14584341527198,26.205413818359375,441800,0.0,0.0
2006-10-02 00:00:00-04:00,26.40397741321321,26.577721590072287,26.170666617709333,26.215343475341797,1879200,0.0,0.0
2006-10-03 00:00:00-04:00,26.150812915785316,26.215346583048785,25.92742860114183,26.081315994262695,1898700,0.0,0.0
2006-10-04 00:00:00-04:00,26.036634569901697,26.195485189452217,25.97210091394406,26.150808334350586,846000,0.0,0.0
2006-10-05 00:00:00-04:00,26.086280920146418,26.30470199452731,26.06146085996201,26.200454711914062,796600,0.0,0.0
2006-10-06 00:00:00-04:00,26.096211201625245,26.19549334315944,25.907575322075207,26.056499481201172,748900,0.0,0.0
2006-10-09 00:00:00-04:00,25.986989655701137,26.225267451974645,25.937349552772474,26.19548225402832,643100,0.0,0.0
2006-10-10 00:00:00-04:00,26.200454711914062,26.26498838331289,26.016783994170392,26.200454711914062,929800,0.0,0.0
2006-10-11 00:00:00-04:00,26.08131159375294,26.384121180995574,26.0217411907995,26.235197067260742,845500,0.0,0.0
2006-10-12 00:00:00-04:00,26.29974807580769,26.309676482850538,26.006866695818633,26.17564582824707,616500,0.0,0.0
2006-10-13 00:00:00-04:00,26.140875565562833,26.18555241319859,25.967133321228477,26.101163864135742,530600,0.0,0.0
2006-10-16 00:00:00-04:00,26.071385640974025,26.354338453797222,26.071385640974025,26.284841537475586,685500,0.0,0.0
2006-10-17 00:00:00-04:00,26.260023860425505,26.557868355551484,26.250095458101427,26.53801155090332,1097800,0.0,0.0
2006-10-18 00:00:00-04:00,26.552894191127386,26.86066696211938,26.508217345850458,26.820953369140625,830900,0.0,0.0
2006-10-19 00:00:00-04:00,26.746501385938686,26.89542361776412,26.691896125751278,26.870603561401367,623800,0.0,0.0
2006-10-20 00:00:00-04:00,26.895420534624932,27.00463104248047,26.706784719324105,27.00463104248047,758400,0.0,0.0
2006-10-23 00:00:00-04:00,26.925203968449342,27.123766277210372,26.786208269303184,27.118803024291992,671700,0.0,0.0
2006-10-24 00:00:00-04:00,27.04434467323303,27.183338497737722,26.930170904011486,27.178375244140625,854200,0.0,0.0
2006-10-25 00:00:00-04:00,27.123767463612655,27.421613780254958,27.123767463612655,27.362043380737305,663100,0.0,0.0
2006-10-26 00:00:00-04:00,27.049312636525407,27.20319813149091,26.984778971151695,27.193269729614258,1073000,0.0,0.0
2006-10-27 00:00:00-04:00,27.208152160018248,27.297505846742638,27.12872687111304,27.188295364379883,1232500,0.0,0.0
2006-10-30 00:00:00-05:00,27.292548313965746,27.29751346108444,27.148589345904202,27.218088150024414,546900,0.0,0.0
2006-10-31 00:00:00-05:00,27.247868520784962,27.277653719339884,26.791173504834347,26.85570526123047,1289000,0.0,0.0
2006-11-01 00:00:00-05:00,26.81102605636972,27.044338690444974,26.582678568441995,26.950021743774414,820900,0.0,0.0
2006-11-02 00:00:00-05:00,26.830898205040697,26.94507201432944,26.63233579944486,26.716724395751953,1076200,0.0,0.0
2006-11-03 00:00:00-05:00,26.880529046583046,26.880529046583046,26.46850895979284,26.711750030517578,1216700,0.0,0.0
2006-11-06 00:00:00-05:00,26.691890758137724,26.880526557128928,26.59260865900296,26.662105560302734,889600,0.0,0.0
2006-11-07 00:00:00-05:00,26.761388778686523,26.791173977767226,26.607501423909135,26.761388778686523,759400,0.0,0.0
2006-11-08 00:00:00-05:00,26.667081590521647,26.880537528003135,26.657153187191195,26.786218643188477,864300,0.0,0.0
2006-11-09 00:00:00-05:00,26.756421523097586,26.801098368211004,26.662102686942404,26.6769962310791,552500,0.0,0.0
2006-11-10 00:00:00-05:00,26.652176140214003,26.781243432240327,26.61742769089502,26.7067813873291,683600,0.0,0.0
2006-11-13 00:00:00-05:00,26.706790938491185,26.771324607583555,26.528083481711793,26.533048629760742,778000,0.0,0.0
2006-11-14 00:00:00-05:00,26.538010524208495,26.80607169564067,26.518153720328545,26.756431579589844,864600,0.0,0.0
2006-11-15 00:00:00-05:00,26.756435479034263,26.756435479034263,26.54297954033866,26.552907943725586,1315200,0.0,0.0
2006-11-16 00:00:00-05:00,26.55290101162704,26.68692968823671,26.438725349309607,26.513187408447266,1347100,0.0,0.0
2006-11-17 00:00:00-05:00,26.503253944040022,26.7067813873291,26.4784338936191,26.7067813873291,824500,0.0,0.0
2006-11-20 00:00:00-05:00,26.68195404442296,26.73159413169759,26.627348812232096,26.701810836791992,1089400,0.0,0.0
2006-11-21 00:00:00-05:00,26.73159546105239,26.76634390260225,26.592601694852945,26.652170181274414,1134200,0.0,0.0
2006-11-22 00:00:00-05:00,26.637283881003512,26.771314422596937,26.557858585279455,26.68692398071289,2186200,0.0,0.0
2006-11-24 00:00:00-05:00,26.66211499280115,26.761397127059855,26.65218659001036,26.7216854095459,342000,0.0,0.0
2006-11-27 00:00:00-05:00,26.686927245675083,26.741532498225027,26.533041781560126,26.637287139892578,1801100,0.0,0.0
2006-11-28 00:00:00-05:00,26.607505392752042,26.9301718031526,26.55290202676556,26.845783233642578,1283300,0.0,0.0
2006-11-29 00:00:00-05:00,26.930171973334566,27.153556267050533,26.870603459559945,27.103914260864258,1026700,0.0,0.0
2006-11-30 00:00:00-05:00,27.034421366122835,27.203200424957373,26.979816098022074,27.158523559570312,873400,0.0,0.0
2006-12-01 00:00:00-05:00,27.22801214142497,27.342187790821043,27.01952142927272,27.19822883605957,922500,0.0,0.0
2006-12-04 00:00:00-05:00,27.39661997122841,27.487021438223405,27.240930045956485,27.301197052001953,690700,0.635,0.0
2006-12-05 00:00:00-05:00,27.37150110758779,27.37150110758779,27.160565688386477,27.316255569458008,773900,0.0,0.0
2006-12-06 00:00:00-05:00,27.346381668174292,27.346381668174292,27.155534026348988,27.245935440063477,692700,0.0,0.0
2006-12-07 00:00:00-05:00,27.210784843531208,27.24594074283438,26.919490916901687,26.98478126525879,829600,0.0,0.0
2006-12-08 00:00:00-05:00,26.98479110736252,27.08021402372412,26.834122638845535,26.874300003051758,474000,0.0,0.0
2006-12-11 00:00:00-05:00,26.844160522664094,26.989807501467006,26.844160522664094,26.94460678100586,531100,0.0,0.0
2006-12-12 00:00:00-05:00,26.994821661844366,27.115357522472358,26.90944361061611,27.06011199951172,621800,0.0,0.0
2006-12-13 00:00:00-05:00,27.07015824128272,27.200737007648662,27.009889349865258,27.120380401611328,685600,0.0,0.0
2006-12-14 00:00:00-05:00,27.120388000354144,27.31123571161033,27.085232095103418,27.20074462890625,642600,0.0,0.0
2006-12-15 00:00:00-05:00,27.200728045341876,27.291129436829305,27.014903814329706,27.12539291381836,805200,0.0,0.0
2006-12-18 00:00:00-05:00,27.085220207377255,27.180643063197603,26.77383864788511,26.859216690063477,764600,0.0,0.0
2006-12-19 00:00:00-05:00,26.773842905354524,27.095269329600594,26.743708459636725,27.040023803710938,837000,0.0,0.0
2006-12-20 00:00:00-05:00,26.994826431981007,27.190695563741716,26.929536082776487,27.01993751525879,1030200,0.0,0.0
2006-12-21 00:00:00-05:00,26.99483321023821,27.15052503101841,26.924521393064353,27.045055389404297,1059500,0.0,0.0
2006-12-22 00:00:00-05:00,26.99482344659703,27.230871818179654,26.969712366096307,27.075180053710938,648200,0.0,0.0
2006-12-26 00:00:00-05:00,27.07016145136154,27.1906954167846,26.95967038651304,27.1153621673584,423800,0.0,0.0
2006-12-27 00:00:00-05:00,27.170603507643342,27.286117928954447,27.100291714394967,27.160560607910156,270700,0.0,0.0
2006-12-28 00:00:00-05:00,27.195718782924715,27.230874682494175,27.08522771807621,27.1153621673584,537300,0.0,0.0
2006-12-29 00:00:00-05:00,27.14047304492486,27.175628944228034,26.9094480164032,26.98478126525879,702000,0.0,0.0
2007-01-03 00:00:00-05:00,26.984778269700957,27.286116979230425,26.929532743827924,27.120380401611328,689900,0.0,0.0
2007-01-04 00:00:00-05:00,27.05509006864353,27.210781831073238,26.919487936692352,27.040023803710938,529100,0.0,0.0
2007-01-05 00:00:00-05:00,26.979757228063807,26.98477867783157,26.5629060107918,26.673397064208984,833500,0.0,0.0
2007-01-08 00:00:00-05:00,26.653304694935056,26.783885365712045,26.618148802614893,26.698505401611328,681000,0.0,0.0
2007-01-09 00:00:00-05:00,26.743709200207313,26.88935615143092,26.628196695535966,26.788909912109375,1414700,0.0,0.0
2007-01-10 00:00:00-05:00,26.713577491971627,26.844158191230814,26.668376775436197,26.76380157470703,444100,0.0,0.0
2007-01-11 00:00:00-05:00,26.81402350132235,27.004871182301066,26.698510985845267,26.793933868408203,476100,0.0,0.0
2007-01-12 00:00:00-05:00,26.85419559010765,26.88432811557282,26.507656220439547,26.653303146362305,1015500,0.0,0.0
2007-01-16 00:00:00-05:00,26.698513055137326,26.86927111643665,26.61313498241416,26.61815643310547,515600,0.0,0.0
2007-01-17 00:00:00-05:00,26.63322270103238,26.678423420666114,26.48255427420427,26.61815643310547,511100,0.0,0.0
2007-01-18 00:00:00-05:00,26.62821196086711,26.62821196086711,26.377097176531343,26.48256492614746,711000,0.0,0.0
2007-01-19 00:00:00-05:00,26.57797716416304,26.643267518267987,26.402197652172408,26.61815643310547,537600,0.0,0.0
2007-01-22 00:00:00-05:00,26.537800649739246,26.653313177819737,26.457444025167902,26.593046188354492,662500,0.0,0.0
2007-01-23 00:00:00-05:00,26.593053229483303,26.6131428699086,26.39216065693744,26.588029861450195,670100,0.0,0.0
2007-01-24 00:00:00-05:00,26.593051237899974,26.753764517559244,26.56794014717573,26.748741149902344,492800,0.0,0.0
2007-01-25 00:00:00-05:00,26.748742212124974,26.798966311421335,26.507672283062913,26.5478515625,751600,0.0,0.0
2007-01-26 00:00:00-05:00,26.542809624358103,26.758768310606417,26.407209440762326,26.728635787963867,774300,0.0,0.0
2007-01-29 00:00:00-05:00,26.688475469015604,26.69349883692096,26.492606269483943,26.517717361450195,866600,0.0,0.0
2007-01-30 00:00:00-05:00,26.577973967627933,26.63321949785289,26.41726074289321,26.542818069458008,742300,0.0,0.0
2007-01-31 00:00:00-05:00,26.48254940353911,26.71859777552941,26.321836189033736,26.673397064208984,814600,0.0,0.0
2007-02-01 00:00:00-05:00,26.73868251953229,26.93957304302285,26.66334737581565,26.88935089111328,589200,0.0,0.0
2007-02-02 00:00:00-05:00,26.844155300879574,26.99482370115736,26.768820142814352,26.964689254760742,379700,0.0,0.0
2007-02-05 00:00:00-05:00,26.989803182524135,27.130426772188027,26.8893569402559,27.08522605895996,425100,0.0,0.0
2007-02-06 00:00:00-05:00,27.085240205654735,27.195731321444875,27.029994647759665,27.140485763549805,384300,0.0,0.0
2007-02-07 00:00:00-05:00,27.080211297991227,27.15052503101841,26.99483321023821,27.045055389404297,549300,0.0,0.0
2007-02-08 00:00:00-05:00,27.060119231097815,27.28109946614295,27.060119231097815,27.18567657470703,405000,0.0,0.0
2007-02-09 00:00:00-05:00,27.155539517215136,27.326297564775167,26.974736653227712,27.1153621673584,792600,0.0,0.0
2007-02-12 00:00:00-05:00,27.165590031701715,27.281102571066576,26.999853399665238,27.195724487304688,497100,0.0,0.0
2007-02-13 00:00:00-05:00,27.200735441764387,27.40162790321911,27.170600997790427,27.396604537963867,461900,0.0,0.0
2007-02-14 00:00:00-05:00,27.396611400803977,27.622614997591228,27.326299596437494,27.56736946105957,850300,0.0,0.0
2007-02-15 00:00:00-05:00,26.87428986754529,27.17060524074466,26.618153759252245,26.8692684173584,1973200,0.0,0.0
2007-02-16 00:00:00-05:00,26.783900454624384,26.969724835266877,26.778877086690155,26.874300003051758,899300,0.0,0.0
2007-02-20 00:00:00-05:00,26.86424374601742,26.959666614949082,26.673396092301523,26.95464324951172,763600,0.0,0.0
2007-02-21 00:00:00-05:00,26.844159405370764,26.894381574524814,26.55286545988902,26.693490982055664,683000,0.0,0.0
2007-02-22 00:00:00-05:00,26.69850492648263,26.79392778738886,26.492591025477942,26.598058700561523,569600,0.0,0.0
2007-02-23 00:00:00-05:00,26.598058700561523,26.68343866314281,26.452411768768535,26.598058700561523,651700,0.0,0.0
2007-02-26 00:00:00-05:00,26.969718587086273,27.36648026441603,26.824071604392607,26.93456268310547,1121600,0.0,0.0
2007-02-27 00:00:00-05:00,26.939579755751957,26.939579755751957,25.925076324398795,26.141035079956055,822400,0.0,0.0
2007-02-28 00:00:00-05:00,26.22642589320309,26.56291874873101,26.166156971972832,26.216381072998047,1058500,0.0,0.0
2007-03-01 00:00:00-05:00,26.216369734787207,26.422283670301812,25.784452232036397,26.281660079956055,1890200,0.0,0.0
2007-03-02 00:00:00-05:00,26.231438232707447,26.246504499854286,25.85476622721334,25.93010139465332,807700,0.0,0.0
2007-03-05 00:00:00-05:00,25.92756260544282,25.92756260544282,25.622471481797756,25.69365882873535,1108000,0.635,0.0
2007-03-06 00:00:00-05:00,25.785196900235256,25.89706388695463,25.551294964104336,25.85638427734375,1068100,0.0,0.0
2007-03-07 00:00:00-05:00,25.754667312768518,25.978399156945756,25.683478056262715,25.861448287963867,999700,0.0,0.0
2007-03-08 00:00:00-05:00,25.86146285516358,25.86146285516358,25.47501443243256,25.556371688842773,1599300,0.0,0.0
2007-03-09 00:00:00-05:00,25.576705126936826,25.749589496275878,25.36822708800234,25.485177993774414,1384300,0.0,0.0
2007-03-12 00:00:00-04:00,25.48517841784645,25.65806279006229,25.383481386006036,25.64280891418457,876000,0.0,0.0
2007-03-13 00:00:00-04:00,25.530937269763943,25.6783978417119,24.997030375848404,25.220762252807617,1949000,0.0,0.0
2007-03-14 00:00:00-04:00,25.174997681881173,25.424155256870513,24.97668958123104,25.21567726135254,1965600,0.0,0.0
2007-03-15 00:00:00-04:00,25.12923738109262,25.35805519599663,24.98177873567391,25.261444091796875,2071300,0.0,0.0
2007-03-16 00:00:00-04:00,25.29194358308089,25.317367343439948,24.752950940809413,24.78346061706543,3173800,0.0,0.0
2007-03-19 00:00:00-04:00,24.78855540830395,25.144494027749687,24.69194430090544,25.03262710571289,1558900,0.0,0.0
2007-03-20 00:00:00-04:00,24.99194861628822,25.632636557910903,24.951269031570913,25.581789016723633,1615600,0.0,0.0
2007-03-21 00:00:00-04:00,25.4749984643365,25.871616537976628,25.322453946648196,25.785173416137695,2341700,0.0,0.0
2007-03-22 00:00:00-04:00,25.780107477011512,25.780107477011512,24.890261571570257,25.439422607421875,4952700,0.0,0.0
2007-03-23 00:00:00-04:00,25.388568182047067,25.805524281267125,25.26144737277974,25.7445068359375,3003900,0.0,0.0
2007-03-26 00:00:00-04:00,25.67331949310134,25.846203871293284,25.571622457745555,25.7445068359375,1461800,0.0,0.0
2007-03-27 00:00:00-04:00,25.693648754122112,25.76483607314679,25.52585035066522,25.739412307739258,1571700,0.0,0.0
2007-03-28 00:00:00-04:00,25.749589332643033,26.425872930077716,25.749589332643033,26.0089168548584,3613100,0.0,0.0
2007-03-29 00:00:00-04:00,26.105527966044995,26.105527966044995,25.846202383539133,26.0089168548584,1328600,0.0,0.0
2007-03-30 00:00:00-04:00,25.993663962063085,26.10553090106323,24.961443554884454,25.57670783996582,4642700,0.0,0.0
2007-04-02 00:00:00-04:00,25.576701145398705,25.922469830250822,25.459750257832432,25.89196014404297,2203500,0.0,0.0
2007-04-03 00:00:00-04:00,25.91229892024435,25.988572162922868,25.75975437459645,25.88687515258789,1479000,0.0,0.0
2007-04-04 00:00:00-04:00,25.769929165715126,25.927559658668535,25.556365209465035,25.68857192993164,1742700,0.0,0.0
2007-04-05 00:00:00-04:00,25.50044298945439,25.780108468261375,25.50044298945439,25.668241500854492,1420400,0.0,0.0
2007-04-09 00:00:00-04:00,25.63771890741117,25.769925609634114,25.42415692034074,25.50551414489746,1626800,0.0,0.0
2007-04-10 00:00:00-04:00,25.475009393015554,25.866541718196927,25.46484143522193,25.851287841796875,1452500,0.0,0.0
2007-04-11 00:00:00-04:00,25.851289850419224,25.92756311776506,25.57162443633409,25.75467872619629,1364900,0.0,0.0
2007-04-12 00:00:00-04:00,25.93264051267353,25.93264051267353,25.48517479992449,25.663145065307617,1031300,0.0,0.0
2007-04-13 00:00:00-04:00,25.673315602247797,25.744502934295348,25.561448686339176,25.734333038330078,870800,0.0,0.0
2007-04-16 00:00:00-04:00,25.775004862008725,25.815684436683593,25.597036572078384,25.724157333374023,1077700,0.0,0.0
2007-04-17 00:00:00-04:00,25.693657594419356,25.88688176947449,25.668233820264383,25.881797790527344,1217800,0.0,0.0
2007-04-18 00:00:00-04:00,25.79026722824012,25.97332148139157,25.70382407993666,25.92247200012207,1035100,0.0,0.0
2007-04-19 00:00:00-04:00,25.932642647289725,25.983490190322208,25.647891363063305,25.68348503112793,1163000,0.0,0.0
2007-04-20 00:00:00-04:00,25.729251971287038,25.88179849981667,25.28687208179629,25.525859832763672,2994200,0.0,0.0
2007-04-23 00:00:00-04:00,25.53094621852281,26.049599421169177,25.5258622389571,26.0241756439209,1859500,0.0,0.0
2007-04-24 00:00:00-04:00,26.15129352626579,27.254701240261802,26.080106182099552,26.669946670532227,3460700,0.0,0.0
2007-04-25 00:00:00-04:00,26.705535968451297,26.883504299717032,26.578415177630244,26.608924865722656,1246700,0.0,0.0
2007-04-26 00:00:00-04:00,26.57842063903809,26.78181278231975,26.486893495662933,26.578420639038086,2398400,0.0,0.0
2007-04-27 00:00:00-04:00,26.466544674472594,26.705532349537513,26.4614606970008,26.62925910949707,2340800,0.0,0.0
2007-04-30 00:00:00-04:00,26.629277121781303,26.924198447068793,26.598769356896653,26.730974197387695,3697200,0.0,0.0
2007-05-01 00:00:00-04:00,26.76146711668982,27.142829456233397,26.76146711668982,27.09197998046875,1712900,0.0,0.0
2007-05-02 00:00:00-04:00,27.091978820440662,27.4377474819984,27.081808925723188,27.386899948120117,1744500,0.0,0.0
2007-05-03 00:00:00-04:00,27.3563902639677,27.397069842837592,27.183505933188833,27.386899948120117,1447700,0.0,0.0
2007-05-04 00:00:00-04:00,27.41232681274414,27.585211163059522,27.269952150028875,27.41232681274414,1380200,0.0,0.0
2007-05-07 00:00:00-04:00,27.46825415454933,27.763173310184964,27.46825415454933,27.68181610107422,1411000,0.0,0.0
2007-05-08 00:00:00-04:00,27.61063110557426,27.819109092669905,27.51910399517041,27.625886917114258,1024500,0.0,0.0
2007-05-09 00:00:00-04:00,27.661490668407513,27.75301781219926,27.585217402011146,27.686914443969727,922600,0.0,0.0
2007-05-10 00:00:00-04:00,27.483519979998807,27.702167938287786,27.264872021709827,27.31572151184082,1409200,0.0,0.0
2007-05-11 00:00:00-04:00,27.55978568299573,27.819111222521432,27.4580886703489,27.64622688293457,1258700,0.0,0.0
2007-05-14 00:00:00-04:00,27.651310328741676,27.697073883356627,27.478426004608412,27.585206985473633,1025000,0.0,0.0
2007-05-15 00:00:00-04:00,27.62589365200184,27.94115269818897,27.58521406425666,27.630977630615234,1206500,0.0,0.0
2007-05-16 00:00:00-04:00,27.661498445606195,27.9665877175499,27.59539505879129,27.930994033813477,1579800,0.0,0.0
2007-05-17 00:00:00-04:00,27.930991749503097,27.961501450086374,27.676750063772836,27.773361206054688,1254100,0.0,0.0
2007-05-18 00:00:00-04:00,27.80893686154156,27.834362565402127,27.55978125726253,27.68181610107422,1293200,0.0,0.0
2007-05-21 00:00:00-04:00,27.53436244305103,27.62080364464838,27.437749406313735,27.493682861328125,1265900,0.0,0.0
2007-05-22 00:00:00-04:00,27.63606345066471,27.773354158888342,27.3869077481071,27.40724754333496,2057800,0.0,0.0
2007-05-23 00:00:00-04:00,27.412329010614904,27.636060918492927,27.188597102736882,27.22927474975586,1512600,0.0,0.0
2007-05-24 00:00:00-04:00,27.188601035005554,27.341145627880692,26.578420723795265,26.588590621948242,2277900,0.0,0.0
2007-05-25 00:00:00-04:00,26.71062666140419,26.81740962671717,26.20722928944085,26.390283584594727,1575600,0.0,0.0
2007-05-29 00:00:00-04:00,26.56824246663164,26.77163648627898,26.44112168927934,26.507225036621094,1264600,0.0,0.0
2007-05-30 00:00:00-04:00,26.44112882163385,26.669946670532227,26.339431784377943,26.669946670532227,1721000,0.0,0.0
2007-05-31 00:00:00-04:00,26.64960019360232,27.005538764902933,26.491969728390995,26.985198974609375,2497500,0.0,0.0
2007-06-01 00:00:00-04:00,27.06146505456471,27.076718923392246,26.746204207598833,26.8326473236084,1963600,0.0,0.0
2007-06-04 00:00:00-04:00,26.835232756069473,26.969049747333287,26.510986006983373,26.691123962402344,1386700,0.635,0.0
2007-06-05 00:00:00-04:00,26.57274575696396,26.655093910721035,26.222765612662688,26.253644943237305,1359600,0.0,0.0
2007-06-06 00:00:00-04:00,26.253653310363692,26.258801175990005,25.795591436395704,25.996315002441406,1327900,0.0,0.0
2007-06-07 00:00:00-04:00,25.913946791573608,25.939682173141378,25.157374086162974,25.18825340270996,1924500,0.0,0.0
2007-06-08 00:00:00-04:00,25.188271162392457,25.455903220060137,25.039016446066633,25.316940307617188,2146600,0.0,0.0
2007-06-11 00:00:00-04:00,25.316942676617423,25.7183917823517,25.27062170146868,25.538253784179688,1457100,0.0,0.0
2007-06-12 00:00:00-04:00,25.527957739775108,25.53310560507458,25.12136473120763,25.22429847717285,1905400,0.0,0.0
2007-06-13 00:00:00-04:00,25.399288057231868,25.811030885733,25.373554621284374,25.785295486450195,2036300,0.0,0.0
2007-06-14 00:00:00-04:00,25.78529044253374,25.970574286448414,25.61544822783524,25.723529815673828,1549200,0.0,0.0
2007-06-15 00:00:00-04:00,25.99115490242681,26.19702622164118,25.89851300511378,25.955127716064453,2768300,0.0,0.0
2007-06-18 00:00:00-04:00,25.97572293919336,26.022043901578225,25.65147620249932,25.764705657958984,1282600,0.0,0.0
2007-06-19 00:00:00-04:00,25.6360318300574,25.7955802552781,25.512508631928338,25.718379974365234,1581300,0.0,0.0
2007-06-20 00:00:00-04:00,25.74411449079419,25.811022974417856,25.08532930845257,25.09562110900879,1040900,0.0,0.0
2007-06-21 00:00:00-04:00,25.10077105720977,25.363255186555893,24.91034131774945,25.203706741333008,976500,0.0,0.0
2007-06-22 00:00:00-04:00,25.116211708905578,25.152238905263168,24.822846273802366,24.961809158325195,1470400,0.0,0.0
2007-06-25 00:00:00-04:00,24.94122130696636,25.19341364155807,24.858873150161195,24.946369171142578,1624100,0.0,0.0
2007-06-26 00:00:00-04:00,25.219140946162632,25.476479119082658,25.023563385009766,25.023563385009766,1767400,0.0,0.0
2007-06-27 00:00:00-04:00,24.910349055247213,25.31179618835449,24.82285300939778,25.311796188354492,1498200,0.0,0.0
2007-06-28 00:00:00-04:00,25.306641686556116,25.461046201879103,25.03901164355553,25.06989097595215,894000,0.0,0.0
2007-06-29 00:00:00-04:00,25.198565040681547,25.425023993809887,24.936080847133667,25.22429847717285,1157300,0.0,0.0
2007-07-02 00:00:00-04:00,25.41472431140111,25.800731658935547,25.38384301679779,25.800731658935547,1404900,0.0,0.0
2007-07-03 00:00:00-04:00,25.82131169679026,25.965422410748943,25.65661542083846,25.811019897460938,612700,0.0,0.0
2007-07-05 00:00:00-04:00,25.723530425613507,25.944841470721958,25.461046282733818,25.6566219329834,1124200,0.0,0.0
2007-07-06 00:00:00-04:00,25.594862346052626,25.630889544318933,25.30149689540694,25.517662048339844,696300,0.0,0.0
2007-07-09 00:00:00-04:00,25.584567093703267,25.769850938783655,25.522806466454785,25.636035919189453,807300,0.0,0.0
2007-07-10 00:00:00-04:00,25.527948209813943,25.656617307571743,25.32722473144531,25.327224731445312,1163600,0.0,0.0
2007-07-11 00:00:00-04:00,25.250025086619083,25.455894470214847,25.219143795579118,25.455894470214844,1085500,0.0,0.0
2007-07-12 00:00:00-04:00,25.517654658692177,25.816165924072266,25.440452420001307,25.816165924072266,937300,0.0,0.0
2007-07-13 00:00:00-04:00,25.749266670624205,26.32055794421755,25.749266670624205,26.1918888092041,978700,0.0,0.0
2007-07-16 00:00:00-04:00,26.083810127819298,26.243360579902866,25.749269553988903,25.754417419433594,651200,0.0,0.0
2007-07-17 00:00:00-04:00,25.68750981826886,26.119838254111716,25.682363915978026,25.996315002441406,1365300,0.0,0.0
2007-07-18 00:00:00-04:00,25.965422359139666,26.737436887379687,25.888220120981874,26.670528411865234,2392000,0.0,0.0
2007-07-19 00:00:00-04:00,26.758035583347898,27.174922346101233,26.660245779079105,27.046253204345703,1472600,0.0,0.0
2007-07-20 00:00:00-04:00,27.030806687786537,27.12344860344802,26.469809293318583,26.505836486816406,1954700,0.0,0.0
2007-07-23 00:00:00-04:00,26.58304678794361,26.871264423208792,26.433790104918202,26.62421989440918,1085100,0.0,0.0
2007-07-24 00:00:00-04:00,26.90214957815212,27.236688233184175,25.800741826606455,25.831621170043945,2329700,0.0,0.0
2007-07-25 00:00:00-04:00,25.949983068465222,26.21246913115241,25.533096442238563,26.02203941345215,3013400,0.0,0.0
2007-07-26 00:00:00-04:00,25.764708780563733,26.068368023370418,24.869170720364878,25.23973846435547,4377300,0.0,0.0
2007-07-27 00:00:00-04:00,25.270611168485118,25.476482519634228,25.09047520873068,25.09562110900879,2385500,0.0,0.0
2007-07-30 00:00:00-04:00,25.105912061033077,25.22428738751861,24.761079844314505,24.95665740966797,2020100,0.0,0.0
2007-07-31 00:00:00-04:00,25.033862097097,25.38899010247482,24.694175720214844,24.694175720214844,1725600,0.0,0.0
2007-08-01 00:00:00-04:00,24.678737294677752,25.718384006650453,24.6581497645393,25.630887985229492,2308500,0.0,0.0
2007-08-02 00:00:00-04:00,25.45075743030119,25.790443896658342,25.152244069663055,25.22429847717285,3118100,0.0,0.0
2007-08-03 00:00:00-04:00,25.19341574506592,25.322084873525565,24.452280308603893,24.467721939086914,3015000,0.0,0.0
2007-08-06 00:00:00-04:00,24.544920188799342,25.06989042468286,24.241260992455,24.946369171142578,2266700,0.0,0.0
2007-08-07 00:00:00-04:00,24.833135188009756,25.81616698945769,24.70961199367369,25.677204132080078,1819100,0.0,0.0
2007-08-08 00:00:00-04:00,25.692644303407317,26.490394274135145,25.584562733309152,26.377164840698242,2765600,0.0,0.0
2007-08-09 00:00:00-04:00,26.248501118938115,26.90214050004913,25.996308773731894,26.361730575561523,3368100,0.0,0.0
2007-08-10 00:00:00-04:00,26.06837029602497,26.92273336433749,25.975728351950746,26.43379020690918,2049500,0.0,0.0
2007-08-13 00:00:00-04:00,26.521278048700804,26.7631766194903,25.625742084362344,25.630887985229492,1957700,0.0,0.0
2007-08-14 00:00:00-04:00,25.64633117478315,25.708091805620995,24.93092918395996,24.93092918395996,1670900,0.0,0.0
2007-08-15 00:00:00-04:00,24.930933760601864,25.527958537192045,24.864027216301583,24.87432098388672,1739100,0.0,0.0
2007-08-16 00:00:00-04:00,24.797114156424044,25.476486985641,24.653005363358343,25.322084426879883,2668300,0.0,0.0
2007-08-17 00:00:00-04:00,25.87793618562126,26.073513823447353,25.224296734554873,25.919111251831055,1670700,0.0,0.0
2007-08-20 00:00:00-04:00,25.733828188768076,26.063220875450664,25.52795677792382,25.862497329711914,1123700,0.0,0.0
2007-08-21 00:00:00-04:00,25.682359515830047,26.11983377901145,25.630890685062436,25.965431213378906,1263100,0.0,0.0
2007-08-22 00:00:00-04:00,26.145571131812424,26.23306717556499,25.877939061709625,26.068370819091797,1192500,0.0,0.0
2007-08-23 00:00:00-04:00,26.212479419307375,26.505844924511837,26.027195529002363,26.351442337036133,2158900,0.0,0.0
2007-08-24 00:00:00-04:00,26.248505150513907,26.34629299231315,26.01690030063643,26.27423858642578,961900,0.0,0.0
2007-08-27 00:00:00-04:00,26.181589334927594,26.186737198673548,25.46618941435152,25.805875778198242,1948500,0.0,0.0
2007-08-28 00:00:00-04:00,25.697799569215356,25.944844070603544,25.461048834135237,25.4970760345459,1714100,0.0,0.0
2007-08-29 00:00:00-04:00,25.574273192213102,26.150712254574472,25.55883352631706,26.11468505859375,995200,0.0,0.0
2007-08-30 00:00:00-04:00,25.898525829417512,26.284533271584905,25.85220485782401,26.02719497680664,1222500,0.0,0.0
2007-08-31 00:00:00-04:00,26.34628450553047,26.34628450553047,25.91395624613445,26.13526725769043,1031300,0.0,0.0
2007-09-04 00:00:00-04:00,26.299445504570464,26.778944959027452,26.216054554429736,26.669492721557617,944000,0.635,0.0
2007-09-05 00:00:00-04:00,26.40888740943898,26.57045819412141,26.20041109405787,26.4193115234375,1211700,0.0,0.0
2007-09-06 00:00:00-04:00,26.434964120329326,26.737255649967782,26.38284351991055,26.59132194519043,958300,0.0,0.0
2007-09-07 00:00:00-04:00,26.33592785636336,26.612161982947864,26.20562937777348,26.382835388183594,1241500,0.0,0.0
2007-09-10 00:00:00-04:00,26.450594127727868,26.51834990090791,26.18999714124779,26.268177032470703,1166300,0.0,0.0
2007-09-11 00:00:00-04:00,26.32551012930999,26.461021693325613,26.221272911694875,26.455808639526367,968700,0.0,0.0
2007-09-12 00:00:00-04:00,26.346359429864016,26.893612797187487,26.268181513502128,26.784162521362305,998200,0.0,0.0
2007-09-13 00:00:00-04:00,26.94051570663873,27.065603134770594,26.799793095564347,26.935304641723633,789900,0.0,0.0
2007-09-14 00:00:00-04:00,26.73724993358096,27.154204706798758,26.73724993358096,27.122934341430664,928800,0.0,0.0
2007-09-17 00:00:00-04:00,27.107293814074424,27.216746043901736,26.898817447378047,27.112506866455078,751600,0.0,0.0
2007-09-18 00:00:00-04:00,27.27408205046886,27.774427796353088,27.102087081960196,27.722307205200195,1209000,0.0,0.0
2007-09-19 00:00:00-04:00,27.951634294774312,28.087143857631133,27.7223076662819,27.889089584350586,1407100,0.0,0.0
2007-09-20 00:00:00-04:00,27.868245214746633,27.920363822083193,27.62328338623047,27.62328338623047,711800,0.0,0.0
2007-09-21 00:00:00-04:00,27.92556601574415,27.92556601574415,27.623272643798376,27.78484344482422,1329000,0.0,0.0
2007-09-24 00:00:00-04:00,27.743163057726218,27.82134297181891,27.524262479383157,27.633712768554688,1446400,0.0,0.0
2007-09-25 00:00:00-04:00,27.61285850847832,27.790064552030394,27.41480422728544,27.50861930847168,1443900,0.0,0.0
2007-09-26 00:00:00-04:00,27.586798133327996,27.680613210867985,27.388743859832765,27.66497802734375,1432400,0.0,0.0
2007-09-27 00:00:00-04:00,27.831767092911125,27.831767092911125,27.472141873922094,27.633712768554688,977100,0.0,0.0
2007-09-28 00:00:00-04:00,27.77964097722101,27.800489215270083,27.284506258641237,27.362686157226562,882800,0.0,0.0
2007-10-01 00:00:00-04:00,27.571162878361076,27.84739505695899,27.42001614402749,27.800487518310547,904300,0.0,0.0
2007-10-02 00:00:00-04:00,27.81611751568267,27.93599187250183,27.685819042418768,27.831754684448242,980400,0.0,0.0
2007-10-03 00:00:00-04:00,27.722312439768615,27.97769841414701,27.722312439768615,27.909942626953125,454300,0.0,0.0
2007-10-04 00:00:00-04:00,27.92557093285157,28.087139774129643,27.852602114632596,28.071504592895508,556800,0.0,0.0
2007-10-05 00:00:00-04:00,28.11319672434646,28.144469072399986,27.852599788490902,27.993322372436523,933700,0.0,0.0
2007-10-08 00:00:00-04:00,28.02980124229186,28.087132877001235,27.93598620153044,28.008955001831055,483100,0.0,0.0
2007-10-09 00:00:00-04:00,28.040243108849378,28.264356738310223,27.883885271322637,28.217449188232422,1278500,0.0,0.0
2007-10-10 00:00:00-04:00,28.092363628277617,28.1809656736015,28.03503195744557,28.08715057373047,531400,0.0,0.0
2007-10-11 00:00:00-04:00,28.14447780956023,28.332107979735557,27.87866972727682,28.055875778198242,1154100,0.0,0.0
2007-10-12 00:00:00-04:00,28.09235352465233,28.269559539764387,28.03502187444004,28.144472122192383,571600,0.0,0.0
2007-10-15 00:00:00-04:00,28.144482098323056,28.222662010541946,27.842188558487624,28.045455932617188,832700,0.0,0.0
2007-10-16 00:00:00-04:00,28.035019169537122,28.16531763901272,27.9203558801756,28.118410110473633,1022900,0.0,0.0
2007-10-17 00:00:00-04:00,28.243500055334106,28.35295229826889,27.946419656362227,28.191381454467773,1266700,0.0,0.0
2007-10-18 00:00:00-04:00,28.092367898722802,28.295633316610054,27.956856294665922,27.988128662109375,889600,0.0,0.0
2007-10-19 00:00:00-04:00,27.86303481990849,27.982909218779458,27.341840744018555,27.341840744018555,1114500,0.0,0.0
2007-10-22 00:00:00-04:00,27.232393615770885,27.534687169094315,27.122943324339097,27.48777961730957,819000,0.0,0.0
2007-10-23 00:00:00-04:00,27.62328328614517,27.654555643352253,27.16984504172825,27.315778732299805,913800,0.0,0.0
2007-10-24 00:00:00-04:00,27.154209458113222,27.393960234336447,27.003064693260743,27.36789894104004,1001000,0.0,0.0
2007-10-25 00:00:00-04:00,27.3991697959279,27.659766809005546,27.294930593057355,27.62328338623047,792000,0.0,0.0
2007-10-26 00:00:00-04:00,27.769215049743394,27.8473949432373,27.62328136929853,27.847394943237305,558400,0.0,0.0
2007-10-29 00:00:00-04:00,27.915144132439544,28.144468717348566,27.847388373276743,27.956838607788086,712500,0.0,0.0
2007-10-30 00:00:00-04:00,27.857819480181302,28.128840596649393,27.774428520360146,27.925575256347656,638700,0.0,0.0
2007-10-31 00:00:00-04:00,27.993329729116297,28.31647144600093,27.904727701975172,28.175748825073242,862800,0.0,0.0
2007-11-01 00:00:00-04:00,28.128833444363153,28.128833444363153,27.57115616957213,27.602426528930664,898500,0.0,0.0
2007-11-02 00:00:00-04:00,27.691039849944012,27.863032848958643,27.53468203587685,27.696250915527344,1235100,0.0,0.0
2007-11-05 00:00:00-05:00,28.00896614138214,28.00896614138214,27.696248551739803,27.883878707885742,1214000,0.0,0.0
2007-11-06 00:00:00-05:00,27.7587897317117,28.1132017873584,27.72751936622341,28.097566604614258,888900,0.0,0.0
2007-11-07 00:00:00-05:00,27.83176171928345,28.08193461260092,27.581586837768555,27.581586837768555,1050000,0.0,0.0
2007-11-08 00:00:00-05:00,27.602433248508447,28.066295581753593,27.571162881537408,27.977693557739258,1028100,0.0,0.0
2007-11-09 00:00:00-05:00,27.99333525275428,28.050666923133498,27.43044664617184,27.5190486907959,1086800,0.0,0.0
2007-11-12 00:00:00-05:00,27.451288539340304,27.64413176147583,27.211539763287817,27.22196388244629,1069600,0.0,0.0
2007-11-13 00:00:00-05:00,27.378321486210446,27.581586837768555,27.102089289292753,27.581586837768555,761300,0.0,0.0
2007-11-14 00:00:00-05:00,27.691044334410233,27.691044334410233,27.22718188267121,27.28451156616211,828100,0.0,0.0
2007-11-15 00:00:00-05:00,27.23239176015223,27.440870195700423,27.081244993789674,27.310571670532227,1154900,0.0,0.0
2007-11-16 00:00:00-05:00,27.440871767835542,27.628499984741207,27.23239332034326,27.62849998474121,966500,0.0,0.0
2007-11-19 00:00:00-05:00,27.399178738865547,27.76922614104981,27.399178738865547,27.59202003479004,899900,0.0,0.0
2007-11-20 00:00:00-05:00,27.58158289769275,27.998539648522986,27.54509948022468,27.89430046081543,1092500,0.0,0.0
2007-11-21 00:00:00-05:00,27.722312896767946,28.248720040402,27.69104252385346,27.899518966674805,1254900,0.0,0.0
2007-11-23 00:00:00-05:00,28.066297612634813,28.1132051546829,27.76400611025625,27.930788040161133,263800,0.0,0.0
2007-11-26 00:00:00-05:00,27.779632522017323,28.22264849883237,27.602426528930664,27.602426528930664,1450600,0.0,0.0
2007-11-27 00:00:00-05:00,27.69103061137528,28.139257653503805,27.59721555659504,27.956838607788086,1333900,0.0,0.0
2007-11-28 00:00:00-05:00,28.11320770217434,28.1444800624393,27.894307144912442,28.092361450195312,1978000,0.0,0.0
2007-11-29 00:00:00-05:00,27.946418950418316,28.248712394759014,27.920359650643423,27.941207885742188,1209300,0.0,0.0
2007-11-30 00:00:00-05:00,28.217436605495518,28.217436605495518,27.90993213392981,28.0662899017334,1809000,0.0,0.0
2007-12-03 00:00:00-05:00,28.34319409060015,28.34319409060015,27.900166799619022,28.084760665893555,1387900,0.635,0.0
2007-12-04 00:00:00-05:00,27.97927563876643,28.34846535743371,27.868519326742877,28.237709045410156,1397200,0.0,0.0
2007-12-05 00:00:00-05:00,28.42757153870428,28.54887633009011,28.253524221549636,28.49613380432129,1323200,0.0,0.0
2007-12-06 00:00:00-05:00,28.485581661882915,28.485581661882915,28.132215837999993,28.364276885986328,840100,0.0,0.0
2007-12-07 00:00:00-05:00,28.4750361585846,28.50140641305652,28.105846560213323,28.316810607910156,683900,0.0,0.0
2007-12-10 00:00:00-05:00,28.337917009925004,28.63326918891191,28.195515174266433,28.56470489501953,818800,0.0,0.0
2007-12-11 00:00:00-05:00,28.580517955540035,28.66490397930331,28.084750317420966,28.1533145904541,1188400,0.0,0.0
2007-12-12 00:00:00-05:00,28.649087492384794,28.649087492384794,28.01619119191488,28.242979049682617,1405700,0.0,0.0
2007-12-13 00:00:00-05:00,28.16387475925545,28.691288129189655,28.121680723937992,28.654369354248047,1041000,0.0,0.0
2007-12-14 00:00:00-05:00,28.60690133980987,28.612174588128696,28.322097644458392,28.35901641845703,1051600,0.0,0.0
2007-12-17 00:00:00-05:00,28.32209727497571,28.385386313587404,28.116406390546018,28.16387367248535,1135500,0.0,0.0
2007-12-18 00:00:00-05:00,28.31153551493741,28.612160822533827,28.206052492009242,28.37482452392578,1188000,0.0,0.0
2007-12-19 00:00:00-05:00,28.438115388018165,28.58051717647229,28.174408819456033,28.316810607910156,1030100,0.0,0.0
2007-12-20 00:00:00-05:00,28.432845201967048,28.627987520367142,28.27989489287864,28.44339370727539,1370800,0.0,0.0
2007-12-21 00:00:00-05:00,28.638537197055722,28.870600299487737,28.58579668027849,28.664907455444336,1752200,0.0,0.0
2007-12-24 00:00:00-05:00,28.66490940660022,28.754570705530654,28.575250119591672,28.722925186157227,226500,0.0,0.0
2007-12-26 00:00:00-05:00,28.638542007088407,28.707106299952034,28.52251244830622,28.61744499206543,412800,0.0,0.0
2007-12-27 00:00:00-05:00,28.58580388620088,28.659641433070703,28.41175651550293,28.41175651550293,682800,0.0,0.0
2007-12-28 00:00:00-05:00,28.57524282069267,28.72819310738038,28.48558154466418,28.707096099853516,606600,0.0,0.0
2007-12-31 00:00:00-05:00,28.575242703505424,28.796755245864965,28.5383239464455,28.591064453125,783200,0.0,0.0
2008-01-02 00:00:00-05:00,28.527781716688168,28.62798950618593,28.063657510535016,28.137495040893555,885800,0.0,0.0
2008-01-03 00:00:00-05:00,28.227150314880124,28.475035124138188,28.11639404296875,28.11639404296875,911100,0.0,0.0
2008-01-04 00:00:00-05:00,27.995091696699678,28.19023400394306,27.910703659057617,27.910703659057617,1209100,0.0,0.0
2008-01-07 00:00:00-05:00,27.847422182957068,28.300997948489485,27.847422182957068,28.274627685546875,1314700,0.0,0.0
2008-01-08 00:00:00-05:00,28.311536333277555,28.6332586571432,28.095297035389045,28.11639404296875,1065000,0.0,0.0
2008-01-09 00:00:00-05:00,28.148049704055932,28.3010000572104,27.99510136282371,28.084760665893555,1240600,0.0,0.0
2008-01-10 00:00:00-05:00,27.85269755848602,28.22188526506149,27.588990904119477,27.66282844543457,2231100,0.0,0.0
2008-01-11 00:00:00-05:00,27.388563273155235,27.668091580803267,27.00882518584367,27.35164451599121,1795900,0.0,0.0
2008-01-14 00:00:00-05:00,27.515150640035834,27.52569914736863,27.1406876833708,27.21452522277832,1262500,0.0,0.0
2008-01-15 00:00:00-05:00,26.934999599318676,27.362205136726427,26.898080825805664,26.898080825805664,1188600,0.0,0.0
2008-01-16 00:00:00-05:00,26.903349986691047,27.119589346666906,26.613273090907136,26.666015625,1633400,0.0,0.0
2008-01-17 00:00:00-05:00,26.497246444784974,26.497246444784974,25.389677250469397,25.46879005432129,3089700,0.0,0.0
2008-01-18 00:00:00-05:00,25.627012242234304,25.68502802694886,24.651298445248628,24.84116554260254,2198300,0.0,0.0
2008-01-22 00:00:00-05:00,23.69139998813525,24.297925973156293,21.708327240555665,24.144975662231445,2554500,0.0,0.0
2008-01-23 00:00:00-05:00,23.770517968280636,25.009938454918505,23.200912633748548,24.98356819152832,2697800,0.0,0.0
2008-01-24 00:00:00-05:00,25.14706128213898,25.14706128213898,23.918187572868728,23.970930099487305,2224800,0.0,0.0
2008-01-25 00:00:00-05:00,24.150248622095365,24.150248622095365,23.179808345589002,23.30111312866211,2089600,0.0,0.0
2008-01-28 00:00:00-05:00,23.306382478243183,23.8496193000407,23.306382478243183,23.64392852783203,1683300,0.0,0.0
2008-01-29 00:00:00-05:00,23.833804900162924,23.881272174846504,23.174538313958706,23.29584312438965,2024400,0.0,0.0
2008-01-30 00:00:00-05:00,23.24310042369852,23.75469189045682,22.99521556670483,23.27474594116211,2287200,0.0,0.0
2008-01-31 00:00:00-05:00,23.258923706433738,23.781063713359426,23.02158935157123,23.59646987915039,1645100,0.0,0.0
2008-02-01 00:00:00-05:00,23.559543597630583,24.01839447021484,23.480432835128127,24.018394470214844,1335900,0.0,0.0
2008-02-04 00:00:00-05:00,24.023659114187115,24.65655504719443,23.897081134738077,24.445589065551758,1760300,0.0,0.0
2008-02-05 00:00:00-05:00,24.266281945963325,24.319024476374853,23.733595466298663,23.738868713378906,1579000,0.0,0.0
2008-02-06 00:00:00-05:00,23.85489777645271,24.092234108707636,23.68085247408017,23.733592987060547,1364000,0.0,0.0
2008-02-07 00:00:00-05:00,23.696682313862624,23.71250407077278,23.25365501307762,23.469894409179688,1436700,0.0,0.0
2008-02-08 00:00:00-05:00,23.39077111731965,23.564818413014617,23.232547583365115,23.36440086364746,1368500,0.0,0.0
2008-02-11 00:00:00-05:00,23.401329439160847,23.422426455718373,23.153446536337732,23.290573120117188,779600,0.0,0.0
2008-02-12 00:00:00-05:00,23.290566286734915,23.559546127197677,23.21145350381676,23.37495231628418,1219900,0.0,0.0
2008-02-13 00:00:00-05:00,23.522634773573014,23.628117846712367,23.274751865406156,23.44879722595215,1087800,0.0,0.0
2008-02-14 00:00:00-05:00,24.19771197559434,24.19771197559434,23.111240337849182,23.206174850463867,1085700,0.0,0.0
2008-02-15 00:00:00-05:00,23.163998865042615,23.26420871296109,22.921389149312265,23.253660202026367,854800,0.0,0.0
2008-02-19 00:00:00-05:00,23.485710472805007,23.570096509073235,23.18508509285434,23.316938400268555,1265600,0.0,0.0
2008-02-20 00:00:00-05:00,23.158715037300606,23.258922827524298,22.94247569171761,23.18508529663086,818400,0.0,0.0
2008-02-21 00:00:00-05:00,23.306386485540784,23.306386485540784,22.678765558334433,22.710411071777344,829500,0.0,0.0
2008-02-22 00:00:00-05:00,22.77897765393486,23.04795953941861,22.61020557406822,23.021589279174805,1143700,0.0,0.0
2008-02-25 00:00:00-05:00,23.07959753068563,23.190355816312298,22.884455237216162,23.13761329650879,1024800,0.0,0.0
2008-02-26 00:00:00-05:00,23.07432685944873,23.258920669555664,22.94774680971709,23.258920669555664,1036000,0.0,0.0
2008-02-27 00:00:00-05:00,23.148167993890464,23.306391571791774,22.858091099084405,22.931928634643555,1128000,0.0,0.0
2008-02-28 00:00:00-05:00,22.810621605025222,22.90028088607398,22.589109019901176,22.852815628051758,1001300,0.0,0.0
2008-02-29 00:00:00-05:00,22.72097125316249,22.757890031858658,22.34650619336593,22.520553588867188,1643600,0.0,0.0
2008-03-03 00:00:00-05:00,22.80161906357763,22.80161906357763,22.16987646303461,22.362611770629883,2088000,0.635,0.0
2008-03-04 00:00:00-05:00,22.223405140141814,22.7641347853708,22.218052291210512,22.710596084594727,1553900,0.0,0.0
2008-03-05 00:00:00-05:00,22.560704828094405,22.748087325521023,22.325140535599736,22.69990348815918,2496400,0.0,0.0
2008-03-06 00:00:00-05:00,22.635646566265283,22.74807682976446,22.303714752197266,22.303714752197266,1296100,0.0,0.0
2008-03-07 00:00:00-05:00,22.271595135954808,22.282302879084256,21.977139347921145,22.212705612182617,1573100,0.0,0.0
2008-03-10 00:00:00-04:00,22.276955153369066,22.410798909837478,22.00391274648907,22.239479064941406,1220200,0.0,0.0
2008-03-11 00:00:00-04:00,22.276950706705904,22.769494651892867,22.276950706705904,22.74808120727539,1747800,0.0,0.0
2008-03-12 00:00:00-04:00,22.753441779681456,23.00506873054376,22.501814828819157,22.507169723510742,1501300,0.0,0.0
2008-03-13 00:00:00-04:00,22.26624444856145,22.46433260996628,22.084216882264386,22.39473533630371,1646600,0.0,0.0
2008-03-14 00:00:00-04:00,22.539281132182875,22.58211210193551,21.950369594135484,22.24482536315918,1586400,0.0,0.0
2008-03-17 00:00:00-04:00,21.907553757361683,22.83375471626597,21.907553757361683,22.678495407104492,1895700,0.0,0.0
2008-03-18 00:00:00-04:00,23.005066423299564,23.310230036708393,22.849807169517884,23.288814544677734,1644100,0.0,0.0
2008-03-19 00:00:00-04:00,23.353052931288875,23.65821646567673,22.946168899536133,22.946168899536133,1194400,0.0,0.0
2008-03-20 00:00:00-04:00,23.10678349195613,23.37982382649254,22.76949669093422,23.320934295654297,1823400,0.0,0.0
2008-03-24 00:00:00-04:00,23.3691186818206,23.551146256618114,23.03183187275302,23.20315170288086,1244000,0.0,0.0
2008-03-25 00:00:00-04:00,23.315581645147176,23.353057733055362,22.946173617640664,23.02112579345703,1139500,0.0,0.0
2008-03-26 00:00:00-04:00,23.138910185050584,23.406597708552628,23.01577416931489,23.288814544677734,2062700,0.0,0.0
2008-03-27 00:00:00-04:00,23.44942636616389,23.781358319441882,23.283461410671745,23.508317947387695,2041200,0.0,0.0
2008-03-28 00:00:00-04:00,23.701045466890072,23.813473698144332,23.19243893779166,23.256683349609375,1232600,0.0,0.0
2008-03-31 00:00:00-04:00,23.160319434610436,23.647510557339178,23.154966583720388,23.577913284301758,1372300,0.0,0.0
2008-04-01 00:00:00-04:00,23.577904838293783,24.113279596426015,23.577904838293783,24.05438804626465,1850700,0.0,0.0
2008-04-02 00:00:00-04:00,24.027626661034713,24.386326872350704,23.952674500001116,24.231067657470703,933700,0.0,0.0
2008-04-03 00:00:00-04:00,24.091870543589717,24.268545241210095,24.032978977716255,24.10793113708496,768000,0.0,0.0
2008-04-04 00:00:00-04:00,24.107927663406453,24.413091149604544,24.01156003173412,24.140050888061523,765700,0.0,0.0
2008-04-07 00:00:00-04:00,24.338141471974396,24.407740777980035,23.963378648788826,24.2631893157959,757800,0.0,0.0
2008-04-08 00:00:00-04:00,24.14541003959157,24.295316418147596,24.032981787394608,24.182886123657227,851300,0.0,0.0
2008-04-09 00:00:00-04:00,24.145404567424556,24.263187686247772,23.95802418956303,24.13469886779785,1490600,0.0,0.0
2008-04-10 00:00:00-04:00,24.188244099939087,24.225720188781334,23.776005080380717,23.87772560119629,995500,0.0,0.0
2008-04-11 00:00:00-04:00,23.759935366313297,23.95802348022961,23.72245929185056,23.829532623291016,695200,0.0,0.0
2008-04-14 00:00:00-04:00,23.775998085455385,23.93125728914935,23.711753672382837,23.850950241088867,549000,0.0,0.0
2008-04-15 00:00:00-04:00,23.958022769449972,24.188234101344314,23.856302290682194,24.166818618774414,645900,0.0,0.0
2008-04-16 00:00:00-04:00,24.30601537908778,24.38096752013381,23.99014418304187,24.327428817749023,1305600,0.0,0.0
2008-04-17 00:00:00-04:00,24.332792035655785,24.654016190714636,24.332792035655785,24.552295684814453,985200,0.0,0.0
2008-04-18 00:00:00-04:00,24.99665788812262,24.99665788812262,24.359562376576296,24.563005447387695,1000100,0.0,0.0
2008-04-21 00:00:00-04:00,24.471984881850428,24.56835252208708,24.166821368532048,24.402387619018555,656400,0.0,0.0
2008-04-22 00:00:00-04:00,24.348850047636105,24.5148170007759,24.134701314412954,24.257837295532227,516500,0.0,0.0
2008-04-23 00:00:00-04:00,24.3060242440401,24.49340466499703,24.24713267108409,24.434513092041016,715600,0.0,0.0
2008-04-24 00:00:00-04:00,24.46663663457041,24.55229654841867,24.161473063842646,24.3060245513916,636200,0.0,0.0
2008-04-25 00:00:00-04:00,24.418447381421473,24.55764394464571,24.31137200232199,24.407739639282227,477700,0.0,0.0
2008-04-28 00:00:00-04:00,24.3649079700462,24.5951193136872,24.33278678684518,24.354202270507812,538700,0.0,0.0
2008-04-29 00:00:00-04:00,24.35956753427545,24.49876416443339,24.247139251190884,24.348859786987305,563400,0.0,0.0
2008-04-30 00:00:00-04:00,24.348849440380505,24.707551674080378,24.273897283507036,24.284605026245117,849000,0.0,0.0
2008-05-01 00:00:00-04:00,24.348861155080034,24.900296896492275,24.295324457925208,24.79857635498047,1164100,0.0,0.0
2008-05-02 00:00:00-04:00,25.13050110477659,25.90679524284763,25.02342774142348,25.56415557861328,3083800,0.0,0.0
2008-05-05 00:00:00-04:00,25.4410166785039,25.5159688412294,24.830689590832506,24.996654510498047,929200,0.0,0.0
2008-05-06 00:00:00-04:00,25.00200940343173,25.05019322836859,24.589770466148206,24.996654510498047,767900,0.0,0.0
2008-05-07 00:00:00-04:00,24.803926597457355,24.905647119888858,24.423808766700265,24.48270034790039,1025000,0.0,0.0
2008-05-08 00:00:00-04:00,24.504104101054594,24.675423868497337,24.236416709138716,24.62188720703125,984200,0.0,0.0
2008-05-09 00:00:00-04:00,24.42916098156609,24.637956897617283,24.247133406135447,24.579065322875977,643900,0.0,0.0
2008-05-12 00:00:00-04:00,24.5844184137025,24.761093139648438,24.42380632612024,24.761093139648438,387700,0.0,0.0
2008-05-13 00:00:00-04:00,24.878867788956544,24.878867788956544,24.26318594759922,24.375614166259766,953600,0.0,0.0
2008-05-14 00:00:00-04:00,24.509467951210762,24.750387120528714,24.30067201856642,24.670082092285156,755900,0.0,0.0
2008-05-15 00:00:00-04:00,24.734317928724842,24.734317928724842,24.397031208879188,24.664718627929688,656200,0.0,0.0
2008-05-16 00:00:00-04:00,24.616534810808883,24.755733412399184,24.47733825151151,24.664718627929688,587400,0.0,0.0
2008-05-19 00:00:00-04:00,24.728968939840037,24.78786051285633,24.55764911413451,24.595125198364258,920200,0.0,0.0
2008-05-20 00:00:00-04:00,24.589775188590576,24.65937451404214,24.370271508899023,24.439870834350586,1514300,0.0,0.0
2008-05-21 00:00:00-04:00,24.461278939095095,24.734321287285827,24.386326778350412,24.391681671142578,772000,0.0,0.0
2008-05-22 00:00:00-04:00,24.445220285697047,24.67543167899679,24.348852630720717,24.552295684814453,963900,0.0,0.0
2008-05-23 00:00:00-04:00,24.48269898027196,24.504114470838207,24.02227614456559,24.043691635131836,809100,0.0,0.0
2008-05-27 00:00:00-04:00,24.156118248735492,24.397037395431326,24.10258156826684,24.386329650878906,853700,0.0,0.0
2008-05-28 00:00:00-04:00,24.450568565546227,24.56299883686183,24.198943773299373,24.407739639282227,820200,0.0,0.0
2008-05-29 00:00:00-04:00,24.41309564918521,24.611185840962182,24.306022298519363,24.51481819152832,676900,0.0,0.0
2008-05-30 00:00:00-04:00,24.530880444987293,24.579064272963475,24.29531619837784,24.332792282104492,774400,0.0,0.0
2008-06-02 00:00:00-04:00,24.311373198285537,24.32743379113799,24.032978015848812,24.113285064697266,915700,0.0,0.0
2008-06-03 00:00:00-04:00,24.182868055634447,24.25782221005781,23.754568813246074,23.818815231323242,1246300,0.0,0.0
2008-06-04 00:00:00-04:00,23.813478580526084,24.03833713142948,23.620743263264156,23.824186325073242,1831600,0.0,0.0
2008-06-05 00:00:00-04:00,23.840236642320736,23.925896519473334,23.684979519057794,23.920543670654297,1252500,0.0,0.0
2008-06-06 00:00:00-04:00,23.904494645934744,23.904494645934744,23.3477041539438,23.36911964416504,2075400,0.0,0.0
2008-06-09 00:00:00-04:00,23.627179488530643,23.877087065305385,23.388135656448092,23.773862838745117,1145500,0.635,0.0
2008-06-10 00:00:00-04:00,23.686925583272966,24.15414510556396,23.518510689731976,24.06722068786621,1597300,0.0,0.0
2008-06-11 00:00:00-04:00,23.860779386784746,24.045494071907594,23.7412595828408,23.768423080444336,1024400,0.0,0.0
2008-06-12 00:00:00-04:00,23.790160140961795,23.81189177298474,23.3609697344999,23.480491638183594,1921400,0.0,0.0
2008-06-13 00:00:00-04:00,23.66520369296563,23.670635564136692,23.437025727378014,23.627174377441406,1946600,0.0,0.0
2008-06-16 00:00:00-04:00,23.45875641593227,23.67606855801833,23.35010034488924,23.65433692932129,906700,0.0,0.0
2008-06-17 00:00:00-04:00,23.68149770282195,23.801019574454468,23.50221489537317,23.57284164428711,622400,0.0,0.0
2008-06-18 00:00:00-04:00,23.534823260797403,23.627181678784446,23.25775215172209,23.333810806274414,735400,0.0,0.0
2008-06-19 00:00:00-04:00,23.246875541124528,23.57284164428711,23.219712044601305,23.57284164428711,1047000,0.0,0.0
2008-06-20 00:00:00-04:00,23.420736426550576,23.638046582713255,23.1979923248291,23.1979923248291,1833000,0.0,0.0
2008-06-23 00:00:00-04:00,23.371835616605633,23.621743168248717,23.25231371258394,23.36640167236328,628100,0.0,0.0
2008-06-24 00:00:00-04:00,23.279471388930126,23.36096395262538,23.203412768116948,23.252307891845703,687800,0.0,0.0
2008-06-25 00:00:00-04:00,23.360964524557026,23.54024734009906,23.214279149779554,23.3826961517334,773400,0.0,0.0
2008-06-26 00:00:00-04:00,23.312070427728102,23.312070427728102,22.795955657958984,22.795955657958984,785700,0.0,0.0
2008-06-27 00:00:00-04:00,22.790525976187872,23.03500163508074,22.46999168395996,22.46999168395996,990500,0.0,0.0
2008-06-30 00:00:00-04:00,22.459122992481042,23.170818247789846,22.459122992481042,22.94264030456543,1285800,0.0,0.0
2008-07-01 00:00:00-04:00,22.730754620007755,23.225137582730802,22.714456941025674,23.165376663208008,1478500,0.0,0.0
2008-07-02 00:00:00-04:00,23.165380335275582,23.447885226247443,23.051292419433594,23.051292419433594,851400,0.0,0.0
2008-07-03 00:00:00-04:00,23.094754783933027,23.274037580154552,22.741625206361302,22.80681800842285,645500,0.0,0.0
2008-07-07 00:00:00-04:00,22.855711540775843,23.007828759169026,22.464550610688608,22.594938278198242,1189300,0.0,0.0
2008-07-08 00:00:00-04:00,22.61667074745159,22.958934501637895,22.60580493538257,22.8991756439209,2608700,0.0,0.0
2008-07-09 00:00:00-04:00,22.89917962697341,22.89917962697341,22.62210655212402,22.622106552124023,2847900,0.0,0.0
2008-07-10 00:00:00-04:00,22.578639304237004,22.74705419426106,22.4102223417714,22.611234664916992,1890400,0.0,0.0
2008-07-11 00:00:00-04:00,22.410224420813737,22.589507210952284,22.144017206728495,22.28527069091797,3348300,0.0,0.0
2008-07-14 00:00:00-04:00,22.50259447449209,22.50259447449209,22.16576238478714,22.18206214904785,1382000,0.0,0.0
2008-07-15 00:00:00-04:00,22.08426141693101,22.317871227322197,22.05709584681508,22.20921516418457,1336000,0.0,0.0
2008-07-16 00:00:00-04:00,22.279833136581832,22.328728246652396,21.98103060723566,22.067955017089844,1978400,0.0,0.0
2008-07-17 00:00:00-04:00,22.095119427342453,22.095119427342453,21.747421773436333,21.87237548828125,1624800,0.0,0.0
2008-07-18 00:00:00-04:00,21.866948949543676,22.203780874818104,21.682234266823762,21.975605010986328,1376200,0.0,0.0
2008-07-21 00:00:00-04:00,22.07882405536008,22.16574847792285,21.850648223298457,22.105987548828125,1061500,0.0,0.0
2008-07-22 00:00:00-04:00,22.111424586348654,22.350466263749105,21.910412219615502,22.029932022094727,2237500,0.0,0.0
2008-07-23 00:00:00-04:00,21.981040954589844,22.057099589960917,21.644208966899782,21.981040954589844,1494600,0.0,0.0
2008-07-24 00:00:00-04:00,21.904979599516782,22.133157549742023,21.649638150380525,21.845218658447266,1361900,0.0,0.0
2008-07-25 00:00:00-04:00,21.888677975089067,22.029929387468922,21.725694938514845,21.78545379638672,971500,0.0,0.0
2008-07-28 00:00:00-04:00,21.769157409667972,21.888679277406442,21.6442036717786,21.76915740966797,771800,0.0,0.0
2008-07-29 00:00:00-04:00,21.801760425058756,21.904982563866287,21.725701788838215,21.877819061279297,896700,0.0,0.0
2008-07-30 00:00:00-04:00,21.93758134991541,22.236384041501626,21.82892526049064,22.198354721069336,1002400,0.0,0.0
2008-07-31 00:00:00-04:00,22.187489348317353,22.334174761106038,22.11686257791334,22.32330894470215,1178800,0.0,0.0
2008-08-01 00:00:00-04:00,22.491723324974615,22.64927246305466,21.269347102366044,21.29107666015625,2182800,0.0,0.0
2008-08-04 00:00:00-04:00,21.595310340858433,21.665937093326146,21.209583282470703,21.209583282470703,1056100,0.0,0.0
2008-08-05 00:00:00-04:00,21.339972346606974,21.926713943481445,21.144391814315483,21.926713943481445,2331900,0.0,0.0
2008-08-06 00:00:00-04:00,21.926709892323192,22.111424575088293,21.73112939616697,21.75286102294922,1648100,0.0,0.0
2008-08-07 00:00:00-04:00,21.676801958589603,21.845216881604696,21.46492171045643,21.513816833496094,765300,0.0,0.0
2008-08-08 00:00:00-04:00,21.47035938141095,21.96474256801663,21.45949356635516,21.959308624267578,968800,0.0,0.0
2008-08-11 00:00:00-04:00,21.89954605259904,22.611239202831097,21.75286068277575,22.464553833007812,2204300,0.0,0.0
2008-08-12 00:00:00-04:00,22.50801197615225,22.88287312119439,22.317865469052936,22.76335334777832,1642300,0.0,0.0
2008-08-13 00:00:00-04:00,22.78509008918102,23.078460854832286,22.681867963092824,22.747060775756836,1209900,0.0,0.0
2008-08-14 00:00:00-04:00,22.649263332908216,22.714458197325108,22.22007520725855,22.4265193939209,1037300,0.0,0.0
2008-08-15 00:00:00-04:00,22.51889099289474,22.839425344580377,22.426532583539874,22.81769371032715,1100500,0.0,0.0
2008-08-18 00:00:00-04:00,22.817689304699254,22.926345382543428,22.747062543234193,22.910045623779297,980800,0.0,0.0
2008-08-19 00:00:00-04:00,22.84485982095917,22.969813623494385,22.687308563328394,22.839427947998047,668900,0.0,0.0
2008-08-20 00:00:00-04:00,22.839419968011104,22.904612782981204,22.714466209134144,22.828554153442383,1012100,0.0,0.0
2008-08-21 00:00:00-04:00,22.84485982095917,22.937218240841773,22.65471318067578,22.839427947998047,1140800,0.0,0.0
2008-08-22 00:00:00-04:00,22.899180545644736,23.116490616216602,22.817687973903915,23.094758987426758,781700,0.0,0.0
2008-08-25 00:00:00-04:00,22.96980010124661,23.0458587125845,22.681863337626947,22.833980560302734,502200,0.0,0.0
2008-08-26 00:00:00-04:00,22.861147300432194,23.029562213488497,22.736191492598262,22.926340103149414,584500,0.0,0.0
2008-08-27 00:00:00-04:00,22.839419359578294,23.197982941025202,22.839419359578294,23.143653869628906,625600,0.0,0.0
2008-08-28 00:00:00-04:00,23.23058587853345,23.31207847595215,23.089334391776255,23.31207847595215,923100,0.0,0.0
2008-08-29 00:00:00-04:00,23.32293231603791,23.32293231603791,22.660132276585962,22.74162483215332,1381900,0.0,0.0
2008-09-02 00:00:00-04:00,22.82311215980361,23.067587720263226,22.290699868381278,22.4265193939209,1559900,0.0,0.0
2008-09-03 00:00:00-04:00,22.4265248850837,22.513449319814956,21.95387340076013,22.029932022094727,1549700,0.0,0.0
2008-09-04 00:00:00-04:00,22.057090125974064,22.089687558193322,21.703960602918812,21.87237548828125,1071300,0.0,0.0
2008-09-05 00:00:00-04:00,21.774587151689357,21.872375302634147,21.557275083621775,21.703960418701172,1066900,0.0,0.0
2008-09-08 00:00:00-04:00,21.98274480271773,22.236688613891605,21.67359444177918,22.2366886138916,1709700,0.635,0.0
2008-09-09 00:00:00-04:00,22.28638778856023,22.36919661350604,21.844745635986328,21.844745635986328,1337000,0.0,0.0
2008-09-10 00:00:00-04:00,21.944117067303345,22.03244550459547,21.72881663302354,21.778501510620117,1044300,0.0,0.0
2008-09-11 00:00:00-04:00,21.7288057426869,21.949625672285666,21.381011773822962,21.910982131958008,1441500,0.0,0.0
2008-09-12 00:00:00-04:00,21.828178815245963,22.313983998851548,21.77849395488683,22.19805335998535,690200,0.0,0.0
2008-09-15 00:00:00-04:00,21.938585879067674,22.485117138178563,21.684639913244332,22.07659912109375,1451100,0.0,0.0
2008-09-16 00:00:00-04:00,21.960672169085335,22.385753318956915,21.447262605338846,22.31398582458496,1706500,0.0,0.0
2008-09-17 00:00:00-04:00,22.010350364911368,22.23117238565271,21.53558449445789,21.690160751342773,1935500,0.0,0.0
2008-09-18 00:00:00-04:00,21.877862772342173,22.849475205354082,21.828177914034363,22.827392578125,2010600,0.0,0.0
2008-09-19 00:00:00-04:00,23.191750751762907,23.307683507994415,22.485123428790654,22.932287216186523,1848700,0.0,0.0
2008-09-22 00:00:00-04:00,22.777708225110615,22.832914794408,21.87234154778634,21.888904571533203,1160800,0.0,0.0
2008-09-23 00:00:00-04:00,22.060034483159622,22.164925887197093,21.695679635152413,21.723281860351562,1052500,0.0,0.0
2008-09-24 00:00:00-04:00,21.75641720547155,21.91099143239344,21.41966440603523,21.844745635986328,866400,0.0,0.0
2008-09-25 00:00:00-04:00,21.993795383288347,22.3581503416565,21.910986576693816,22.054521560668945,1423500,0.0,0.0
2008-09-26 00:00:00-04:00,21.872348906866144,22.209101722179156,21.657048478955463,22.181499481201172,682900,0.0,0.0
2008-09-29 00:00:00-04:00,22.00483979803134,22.187016249923502,21.47486925772504,21.60736083984375,1539300,0.0,0.0
2008-09-30 00:00:00-04:00,21.861299008681875,21.988273057991794,21.248521918189425,21.546628952026367,1438900,0.0,0.0
2008-10-01 00:00:00-04:00,21.52454909803216,21.612877500777564,21.176755090884214,21.4472599029541,978200,0.0,0.0
2008-10-02 00:00:00-04:00,21.331325300501298,21.56870823357341,20.966970443725586,20.966970443725586,1599100,0.0,0.0
2008-10-03 00:00:00-04:00,21.220922029510923,21.314772158767553,20.326596528741238,20.425966262817383,1625900,0.0,0.0
2008-10-06 00:00:00-04:00,20.343159624707067,20.51429687523277,18.968548332839127,19.526121139526367,1952400,0.0,0.0
2008-10-07 00:00:00-04:00,19.702770565899417,19.901509980364747,18.63730812072754,18.63730812072754,1696700,0.0,0.0
2008-10-08 00:00:00-04:00,18.344717013944386,18.95197644762014,17.996923108670114,18.28399085998535,2038400,0.0,0.0
2008-10-09 00:00:00-04:00,18.267434712305512,18.51585899515766,16.4787830346428,16.699604034423828,2410000,0.0,0.0
2008-10-10 00:00:00-04:00,16.329729448898043,16.335250105844917,14.082873666443728,15.20354175567627,5102400,0.0,0.0
2008-10-13 00:00:00-04:00,16.23588141827326,17.60497283935547,15.70591095319281,17.60497283935547,2743000,0.0,0.0
2008-10-14 00:00:00-04:00,18.626268573985396,18.91333427195503,17.113642473884607,17.914119720458984,2360700,0.0,0.0
2008-10-15 00:00:00-04:00,17.582890492268778,17.89755952077685,16.56159210205078,16.56159210205078,1894900,0.0,0.0
2008-10-16 00:00:00-04:00,16.56711253500457,16.865220641271016,15.595499018472264,16.765851974487305,2895200,0.0,0.0
2008-10-17 00:00:00-04:00,16.434620256021876,17.522164432097345,16.19171660877662,16.716167449951172,2142800,0.0,0.0
2008-10-20 00:00:00-04:00,16.876267345940516,17.875484466552734,16.72721271871664,17.875484466552734,2277900,0.0,0.0
2008-10-21 00:00:00-04:00,17.671215052586792,17.90859800366079,17.213012171944783,17.406230926513672,1556500,0.0,0.0
2008-10-22 00:00:00-04:00,17.069479076321276,17.19093035920755,15.888085974289869,16.384933471679688,1657800,0.0,0.0
2008-10-23 00:00:00-04:00,16.495348041657685,17.32894844386565,15.794241325128604,16.920429229736328,2242900,0.0,0.0
2008-10-24 00:00:00-04:00,15.860486597855855,16.688566315079964,15.556857789390142,16.3021297454834,1784300,0.0,0.0
2008-10-27 00:00:00-04:00,16.070269516898435,16.672007608903797,15.788722249293896,15.915694236755371,1294100,0.0,0.0
2008-10-28 00:00:00-04:00,16.25796143450031,17.671215780911332,15.954331649675714,17.638093948364258,1877300,0.0,0.0
2008-10-29 00:00:00-04:00,17.632578315189473,17.737468710952818,16.920429229736328,16.920429229736328,1220100,0.0,0.0
2008-10-30 00:00:00-04:00,17.268222170722876,18.068698572129293,17.185413359406887,17.996931076049805,1209700,0.0,0.0
2008-10-31 00:00:00-04:00,18.02453073824769,18.34472037332844,17.62153126038916,17.914119720458984,1783300,0.0,0.0
2008-11-03 00:00:00-05:00,17.89203934862448,17.952765521350457,17.362068923604568,17.742984771728516,1895000,0.0,0.0
2008-11-04 00:00:00-05:00,17.44487516420038,18.65387153967417,17.44487516420038,18.532419204711914,2180400,0.0,0.0
2008-11-05 00:00:00-05:00,18.31160299250016,18.736684194337922,17.76507152293429,17.814756393432617,1240300,0.0,0.0
2008-11-06 00:00:00-05:00,17.803709172494486,17.96932465059049,16.63887701061898,16.88178062438965,1176100,0.0,0.0
2008-11-07 00:00:00-05:00,16.97010944811016,17.831311851270513,16.881781050501793,17.820270538330078,920000,0.0,0.0
2008-11-10 00:00:00-05:00,18.16254764388181,18.295039207194208,17.30134405868951,17.60497283935547,791000,0.0,0.0
2008-11-11 00:00:00-05:00,17.389676789251485,18.057660693831476,16.909390014627792,17.68226432800293,1012800,0.0,0.0
2008-11-12 00:00:00-05:00,17.37863317378808,17.63257817419112,17.09708593664807,17.367591857910156,948600,0.0,0.0
2008-11-13 00:00:00-05:00,17.36758727196826,18.902296079106193,17.36758727196826,18.598665237426758,2583600,0.0,0.0
2008-11-14 00:00:00-05:00,18.12390109544916,19.548196747808397,17.98588784472871,18.587623596191406,1747600,0.0,0.0
2008-11-17 00:00:00-05:00,18.582105884205742,19.399144158925935,18.355764214221875,18.709077835083008,1694000,0.0,0.0
2008-11-18 00:00:00-05:00,18.70907732694394,18.9409407005337,17.947243536456494,18.515859603881836,1570800,0.0,0.0
2008-11-19 00:00:00-05:00,18.543465998647317,18.90782100531605,17.858919143676758,17.858919143676758,1391700,0.0,0.0
2008-11-20 00:00:00-05:00,17.73194169960716,17.825791804308608,16.037139164841307,16.373891830444336,3574700,0.0,0.0
2008-11-21 00:00:00-05:00,16.765849498583513,18.101817754906058,16.47326103954846,18.03005027770996,2272800,0.0,0.0
2008-11-24 00:00:00-05:00,18.261919909029313,19.172806377705186,17.781632133960287,18.769807815551758,1947700,0.0,0.0
2008-11-25 00:00:00-05:00,19.294253399034684,19.404664423810566,18.47169347566524,18.96302032470703,1466600,0.0,0.0
2008-11-26 00:00:00-05:00,18.482733571646943,19.117595342866295,18.30607678600443,19.045827865600586,884600,0.0,0.0
2008-11-28 00:00:00-05:00,18.98510342645915,19.642047882080078,18.957501196052476,19.642047882080078,780000,0.0,0.0
2008-12-01 00:00:00-05:00,19.349458241823307,19.366021264712682,18.23431087073195,18.26191520690918,1598100,0.0,0.0
2008-12-02 00:00:00-05:00,18.593145039983906,18.87469114082993,18.217748834912506,18.7642822265625,1118800,0.0,0.0
2008-12-03 00:00:00-05:00,18.3557649901666,19.139679356350868,18.245353952501315,19.095516204833984,1122600,0.0,0.0
2008-12-04 00:00:00-05:00,19.04030720890456,19.12863559683869,17.836831607105236,18.118377685546875,1435400,0.0,0.0
2008-12-05 00:00:00-05:00,18.129434092975153,18.664926575287367,17.682270072144853,18.60420036315918,1747100,0.0,0.0
2008-12-08 00:00:00-05:00,19.20342043506188,19.26531284357598,18.25253187945254,18.680150985717773,1312800,0.635,0.0
2008-12-09 00:00:00-05:00,18.539485931396484,18.978356221546694,18.348183111984547,18.539485931396484,1401900,0.0,0.0
2008-12-10 00:00:00-05:00,18.68014170350633,19.062747178422182,18.4100676293936,18.758913040161133,1175400,0.0,0.0
2008-12-11 00:00:00-05:00,18.63513351084576,19.023366845178273,18.29191360800164,18.55636215209961,1548600,0.0,0.0
2008-12-12 00:00:00-05:00,18.066857223896637,18.426956176757812,17.447936343781844,18.426956176757812,1706200,0.0,0.0
2008-12-15 00:00:00-05:00,18.42695575782067,18.5282338543052,17.62798541943989,17.824914932250977,1044600,0.0,0.0
2008-12-16 00:00:00-05:00,17.796773214330532,18.61824988943492,17.723628552819246,18.59574317932129,1597700,0.0,0.0
2008-12-17 00:00:00-05:00,18.325675125623107,18.550738008082245,18.156879036958113,18.35380744934082,1162900,0.0,0.0
2008-12-18 00:00:00-05:00,18.44383216573393,18.865823460408322,18.31442175959683,18.398820877075195,1876600,0.0,0.0
2008-12-19 00:00:00-05:00,18.471967714489004,18.995234975791966,18.359436266732697,18.3931941986084,1942500,0.0,0.0
2008-12-22 00:00:00-05:00,18.426954053816182,18.567617825219358,18.00496273960665,18.314422607421875,903000,0.0,0.0
2008-12-23 00:00:00-05:00,18.39319567687282,18.4832204130414,17.76302252369276,17.824914932250977,901800,0.0,0.0
2008-12-24 00:00:00-05:00,17.836163873681425,18.027466658939527,17.836163873681425,17.94306755065918,377200,0.0,0.0
2008-12-26 00:00:00-05:00,18.016215665314387,18.173758398659793,17.914937580632692,18.111865997314453,420400,0.0,0.0
2008-12-29 00:00:00-05:00,18.111860024779237,18.15687344595367,17.791147984343613,18.03308868408203,885200,0.0,0.0
2008-12-30 00:00:00-05:00,17.99370539687622,18.269407272189312,17.99370539687622,18.258153915405273,1305000,0.0,0.0
2008-12-31 00:00:00-05:00,18.488854032566046,18.792688418420923,18.246912074906756,18.71391487121582,1527200,0.0,0.0
2009-01-02 00:00:00-05:00,18.758921747376437,19.32720247298862,18.663269261070063,19.197792053222656,767500,0.0,0.0
2009-01-05 00:00:00-05:00,19.16403305679215,19.372214838228533,18.995234813421153,19.158405303955078,1404800,0.0,0.0
2009-01-06 00:00:00-05:00,19.254060566700023,19.366589883393342,18.601380656626755,18.74204444885254,1440300,0.0,0.0
2009-01-07 00:00:00-05:00,18.646392425797874,18.646392425797874,18.331306896910103,18.43258285522461,1424800,0.0,0.0
2009-01-08 00:00:00-05:00,18.404446708642023,18.550738227881418,18.28628965981241,18.47759246826172,990200,0.0,0.0
2009-01-09 00:00:00-05:00,18.516977928127346,18.652016086847745,18.297542798270573,18.376314163208008,1393900,0.0,0.0
2009-01-12 00:00:00-05:00,18.3481835166693,18.539486340300588,18.179387412608502,18.3313045501709,1006800,0.0,0.0
2009-01-13 00:00:00-05:00,18.49447161803224,18.49447161803224,17.9486965844668,18.111865997314453,1432200,0.0,0.0
2009-01-14 00:00:00-05:00,18.00496526500191,18.00496526500191,17.4423101004706,17.774276733398438,1622300,0.0,0.0
2009-01-15 00:00:00-05:00,17.774275036601683,17.88680648803711,17.498574161082292,17.88680648803711,1652500,0.0,0.0
2009-01-16 00:00:00-05:00,18.08936163361196,18.342554701868032,17.881178782353143,18.269411087036133,1520800,0.0,0.0
2009-01-20 00:00:00-05:00,18.230030353018808,18.376319768761533,17.813664537450574,17.853050231933594,1892800,0.0,0.0
2009-01-21 00:00:00-05:00,18.19626472124533,18.359435203726505,17.83053914698188,18.342554092407227,2650000,0.0,0.0
2009-01-22 00:00:00-05:00,17.99370539687622,18.40444326088109,17.99370539687622,18.258153915405273,1688000,0.0,0.0
2009-01-23 00:00:00-05:00,18.004961527354514,18.685773619981525,17.926190164089725,18.618255615234375,2275700,0.0,0.0
2009-01-26 00:00:00-05:00,18.691402266171576,19.349707673240978,18.618256505488716,18.96710205078125,2882100,0.0,0.0
2009-01-27 00:00:00-05:00,19.130271299041972,19.467863463422788,18.950221858524387,19.27093505859375,1998300,0.0,0.0
2009-01-28 00:00:00-05:00,19.524137911099647,19.822344511451032,19.389099704579323,19.647920608520508,1779300,0.0,0.0
2009-01-29 00:00:00-05:00,19.344077476209442,19.88985130955878,19.327196368452636,19.495994567871094,1935500,0.0,0.0
2009-01-30 00:00:00-05:00,19.50725766576571,19.631042515079113,18.62951679640761,18.708288192749023,2252100,0.0,0.0
2009-02-02 00:00:00-05:00,18.483215565011665,18.70265281407716,18.393190852455994,18.64076042175293,3439600,0.0,0.0
2009-02-03 00:00:00-05:00,18.747673890919728,18.81519192401814,18.500106338652497,18.708288192749023,1615000,0.0,0.0
2009-02-04 00:00:00-05:00,18.742041088298222,19.09651223576993,18.65764196955234,18.877077102661133,1553900,0.0,0.0
2009-02-05 00:00:00-05:00,18.85457248649053,19.141527805125783,18.680150769632817,19.02337074279785,1305900,0.0,0.0
2009-02-06 00:00:00-05:00,19.029001033033733,19.186543821577985,18.623888552366203,18.961483001708984,1573900,0.0,0.0
2009-02-09 00:00:00-05:00,18.871458268487377,19.034628811892574,18.601383996485424,18.91646957397461,1177600,0.0,0.0
2009-02-10 00:00:00-05:00,18.775798960688824,19.012115204631783,18.41007445542391,18.5113525390625,1656500,0.0,0.0
2009-02-11 00:00:00-05:00,18.511346892037054,18.663261824793405,18.004956628322255,18.19063377380371,2809800,0.0,0.0
2009-02-12 00:00:00-05:00,18.11748803357328,18.20751273084592,17.723629178121193,18.168127059936523,2792100,0.0,0.0
2009-02-13 00:00:00-05:00,18.168129563473485,18.275033235478986,17.796776294578194,18.004959106445312,2008000,0.0,0.0
2009-02-17 00:00:00-05:00,15.191684854649434,15.911883634103265,14.865345000698948,14.876598358154297,7879000,0.0,0.0
2009-02-18 00:00:00-05:00,14.769692899306838,15.05102038310316,14.56151008909872,14.966622352600098,3952500,0.0,0.0
2009-02-19 00:00:00-05:00,15.101665185395108,15.225448939210624,14.837217635943034,14.97788143157959,2564400,0.0,0.0
2009-02-20 00:00:00-05:00,14.674043199698993,14.792201314537182,14.2970642851246,14.477113723754883,2384100,0.0,0.0
2009-02-23 00:00:00-05:00,14.623407058785933,14.629033739005553,13.99323389870161,14.060751914978027,1557100,0.0,0.0
2009-02-24 00:00:00-05:00,14.162032517464757,14.387094400159569,13.998861981773702,14.342082023620605,2206300,0.0,0.0
2009-02-25 00:00:00-05:00,14.29144258270155,14.313949306957461,13.942596942172358,14.139525413513184,2030900,0.0,0.0
2009-02-26 00:00:00-05:00,14.263303385858318,14.403967125219486,13.689395071701751,13.756914138793945,1377000,0.0,0.0
2009-02-27 00:00:00-05:00,13.520599967545962,13.740035073012026,13.239272468977477,13.379936218261719,1922500,0.0,0.0
2009-03-02 00:00:00-05:00,13.177378734269539,13.199884373810486,12.434674385373079,12.49094009399414,2391400,0.0,0.0
2009-03-03 00:00:00-05:00,12.665366336109331,12.749764385849241,11.883276096311038,11.922661781311035,2185400,0.0,0.0
2009-03-04 00:00:00-05:00,12.080203166849028,12.378410720552338,11.866394726602019,12.158975601196289,1952400,0.0,0.0
2009-03-05 00:00:00-05:00,11.95642000298985,12.023939082264473,11.461284023300246,11.57944107055664,2058700,0.0,0.0
2009-03-06 00:00:00-05:00,11.765113953951142,12.0351880502431,11.483786502018921,11.798872947692871,2957900,0.0,0.0
2009-03-09 00:00:00-04:00,11.853330136287678,11.859062051791817,11.26295595837451,11.326005935668945,2389500,0.385,0.0
2009-03-10 00:00:00-04:00,11.555277199297425,11.606863346073395,11.331737958768958,11.49795913696289,3286800,0.0,0.0
2009-03-11 00:00:00-04:00,11.606861577986692,11.629789236728351,11.337468147277832,11.337468147277832,3062000,0.0,0.0
2009-03-12 00:00:00-04:00,11.337470439094188,11.50369162556829,11.182711991057113,11.469301223754883,3001200,0.0,0.0
2009-03-13 00:00:00-04:00,11.641254375929165,11.664182039403737,11.400519375701995,11.555277824401855,2603800,0.0,0.0
2009-03-16 00:00:00-04:00,11.669912786372503,12.019550873329399,11.578204328162395,11.83613395690918,2485400,0.0,0.0
2009-03-17 00:00:00-04:00,11.818936053162348,12.277478218078612,11.75015418179953,12.277478218078613,2439500,0.0,0.0
2009-03-18 00:00:00-04:00,12.254548918866627,12.776142064690218,11.922105620597577,12.672969818115234,2533700,0.0,0.0
2009-03-19 00:00:00-04:00,12.638584087518637,12.827732927833505,12.523949056169355,12.604193687438965,2147100,0.0,0.0
2009-03-20 00:00:00-04:00,12.615657518549224,12.959564799099285,12.552607540693899,12.604193687438965,2630700,0.0,0.0
2009-03-23 00:00:00-04:00,12.890783419999764,13.292008778857936,12.701634572138317,13.269081115722656,2106500,0.0,0.0
2009-03-24 00:00:00-04:00,12.936635092574141,13.458227299904488,12.925171263275447,13.2461519241333,2498600,0.0,0.0
2009-03-25 00:00:00-04:00,13.29200687792766,13.790671454041778,13.114320793794128,13.32066535949707,2488300,0.0,0.0
2009-03-26 00:00:00-04:00,13.504079547792,13.796400592627684,13.297736116864462,13.664569854736328,2619400,0.0,0.0
2009-03-27 00:00:00-04:00,13.46396063339567,13.544205260440904,13.309202201307537,13.360788345336914,1599900,0.0,0.0
2009-03-30 00:00:00-04:00,13.131512553124152,13.274807103981685,12.885045750729091,13.045536041259766,1033100,0.0,0.0
2009-03-31 00:00:00-04:00,13.1773684922594,13.504079936102483,13.016878180700166,13.292004585266113,1673600,0.0,0.0
2009-04-01 00:00:00-04:00,13.183099889443818,13.475420931225925,13.102855283435275,13.423834800720215,1533300,0.0,0.0
2009-04-02 00:00:00-04:00,13.612984230963047,13.744814973766914,13.240418565397379,13.48115348815918,2166400,0.0,0.0
2009-04-03 00:00:00-04:00,13.423833759489348,13.584324052308636,13.223221166777908,13.337857246398926,1562700,0.0,0.0
2009-04-06 00:00:00-04:00,13.120051100415587,13.498348695662763,13.039806487257355,13.28054141998291,1291000,0.0,0.0
2009-04-07 00:00:00-04:00,13.06846771106731,13.23468997982023,12.919442281962672,13.039809226989746,1221000,0.0,0.0
2009-04-08 00:00:00-04:00,13.039807597470727,13.148711791208223,12.85639069849239,12.999685287475586,1893100,0.0,0.0
2009-04-09 00:00:00-04:00,13.360789528129342,13.48688948836489,12.959565264132893,13.131518363952637,1470400,0.0,0.0
2009-04-13 00:00:00-04:00,13.091397001329488,13.1028608336869,12.885052391900961,12.976760864257812,1172700,0.0,0.0
2009-04-14 00:00:00-04:00,12.873590683758348,12.896518352256367,12.70736946015333,12.764687538146973,1307900,0.0,0.0
2009-04-15 00:00:00-04:00,12.758952181788112,12.902246791520795,12.621389487634872,12.690170288085938,3475000,0.0,0.0
2009-04-16 00:00:00-04:00,12.71309404894611,12.833460959422233,12.644312176352058,12.724557876586914,3672400,0.0,0.0
2009-04-17 00:00:00-04:00,12.730292949113313,12.9423694582993,12.678707894001677,12.890783309936523,2591600,0.0,0.0
2009-04-20 00:00:00-04:00,12.764680180078955,12.885047090555078,12.661507917813264,12.724557876586914,1491400,0.0,0.0
2009-04-21 00:00:00-04:00,12.638581664820961,12.867853870072405,12.638581664820961,12.839194297790527,1797200,0.0,0.0
2009-04-22 00:00:00-04:00,12.770415000889352,12.862123456390268,12.569802344511963,12.655778884887695,1726700,0.0,0.0
2009-04-23 00:00:00-04:00,12.609924037916745,12.661510178259208,12.483825191107927,12.650046348571777,2063900,0.0,0.0
2009-04-24 00:00:00-04:00,12.724556668737526,12.753215141868422,12.466626037556772,12.695897102355957,1839300,0.0,0.0
2009-04-27 00:00:00-04:00,12.472359289176207,13.011147169206783,12.472359289176207,12.89651107788086,1908200,0.0,0.0
2009-04-28 00:00:00-04:00,12.804809894941258,12.982494953213996,12.736027982536523,12.850664138793945,1009600,0.0,0.0
2009-04-29 00:00:00-04:00,12.827733948463658,13.171641256376477,12.827733948463658,13.102860450744629,1047800,0.0,0.0
2009-04-30 00:00:00-04:00,13.257617522285388,13.32639941967552,12.999687866887532,13.194568634033203,2246000,0.0,0.0
2009-05-01 00:00:00-04:00,13.223224467816339,13.72762203216553,12.60992380321642,13.727622032165527,2155300,0.0,0.0
2009-05-04 00:00:00-04:00,13.630185822878506,13.87665167219261,13.555672001834823,13.859457015991211,1700400,0.0,0.0
2009-05-05 00:00:00-04:00,13.945426755792415,13.945426755792415,13.492616507528892,13.721887588500977,1738000,0.0,0.0
2009-05-06 00:00:00-04:00,13.88238167504062,13.899577422122931,13.62445202831273,13.807868957519531,1700000,0.0,0.0
2009-05-07 00:00:00-04:00,14.048605256721753,14.048605256721753,13.807870241440368,13.90531063079834,1348600,0.0,0.0
2009-05-08 00:00:00-04:00,14.019942921771342,14.352387438135677,13.997016354617504,14.128847122192383,2276200,0.0,0.0
2009-05-11 00:00:00-04:00,13.979819186454737,14.134577598683238,13.882378826153557,13.911038398742676,1421600,0.0,0.0
2009-05-12 00:00:00-04:00,13.968359136900183,14.082994169549181,13.84225917975983,14.019944190979004,1581800,0.0,0.0
2009-05-13 00:00:00-04:00,13.899574918991211,14.123114124549122,13.721889937477258,13.78493881225586,2187100,0.0,0.0
2009-05-14 00:00:00-04:00,13.784937760078954,13.905305772288717,13.538472007936775,13.767743110656738,1349500,0.0,0.0
2009-05-15 00:00:00-04:00,13.693228185871469,13.796400446870624,13.223222190875996,13.303466796875,2588600,0.0,0.0
2009-05-18 00:00:00-04:00,13.412371498997436,13.567129896581255,13.102855797080602,13.292004585266113,2109600,0.0,0.0
2009-05-19 00:00:00-04:00,13.326397571908473,13.481155999639912,13.292007174607381,13.383715629577637,1647200,0.0,0.0
2009-05-20 00:00:00-04:00,13.45249702956776,13.578596980764866,13.188835482975758,13.234689712524414,1590100,0.0,0.0
2009-05-21 00:00:00-04:00,13.16590972515022,13.16590972515022,12.890784308079668,12.976760864257812,1721300,0.0,0.0
2009-05-22 00:00:00-04:00,13.00541750199154,13.200298234960636,12.948099446426927,13.062735557556152,1026300,0.0,0.0
2009-05-26 00:00:00-04:00,13.079929822138473,13.481155105974391,12.959562892938264,13.469691276550293,1441800,0.0,0.0
2009-05-27 00:00:00-04:00,13.469695653106628,13.51554989245098,13.074202155479515,13.097129821777344,1204000,0.0,0.0
2009-05-28 00:00:00-04:00,13.131513758938109,13.486884758727363,13.022609584175967,13.423834800720215,1395700,0.0,0.0
2009-05-29 00:00:00-04:00,13.498346780754684,13.498346780754684,13.183099193854106,13.332125663757324,1501800,0.0,0.0
2009-06-01 00:00:00-04:00,13.486886897633774,14.060065244597794,13.452495409675258,13.956892967224121,2053600,0.0,0.0
2009-06-02 00:00:00-04:00,13.945429082998002,14.054333274602646,13.847988720667727,13.922502517700195,1520600,0.0,0.0
2009-06-03 00:00:00-04:00,13.89958026028363,13.928238751354804,13.515550576372542,13.773481369018555,1381200,0.0,0.0
2009-06-04 00:00:00-04:00,13.85372543334961,13.876652006587715,13.716162714167046,13.85372543334961,989700,0.0,0.0
2009-06-05 00:00:00-04:00,13.997014271616218,14.037136578102796,13.62444859148973,13.802133560180664,1882600,0.0,0.0
2009-06-08 00:00:00-04:00,13.839995261850252,13.921543699170593,13.630298010438933,13.79339599609375,1338100,0.385,0.0
2009-06-09 00:00:00-04:00,13.845822975254018,13.898247298202264,13.577876312294716,13.676899909973145,1007900,0.0,0.0
2009-06-10 00:00:00-04:00,13.81087482639833,13.921548537665448,13.624477698589192,13.770100593566895,1351500,0.0,0.0
2009-06-11 00:00:00-04:00,13.874946222353323,14.24774039647082,13.740973454906632,14.107942581176758,2226500,0.0,0.0
2009-06-12 00:00:00-04:00,14.032215630998676,14.335111376342788,13.915716925554326,14.218612670898438,1383000,0.0,0.0
2009-06-15 00:00:00-04:00,14.084646123502406,14.160369537590121,13.88659890387056,14.032221794128418,1624000,0.0,0.0
2009-06-16 00:00:00-04:00,14.055521715889808,14.154545331602879,13.898249829416324,13.997273445129395,755700,0.0,0.0
2009-06-17 00:00:00-04:00,13.968146183960041,14.18366853213595,13.810873209157165,13.950672149658203,1067400,0.0,0.0
2009-06-18 00:00:00-04:00,13.956493134985692,14.28851415967812,13.939019104379986,14.25938892364502,989400,0.0,0.0
2009-06-19 00:00:00-04:00,14.335116710132027,14.515688770845161,14.020570755004883,14.020570755004883,1573800,0.0,0.0
2009-06-22 00:00:00-04:00,13.97396386575047,14.177836009573708,13.933189659188583,14.03803825378418,1319700,0.0,0.0
2009-06-23 00:00:00-04:00,14.049688077741994,14.113761353545264,13.816690711503174,13.927364349365234,1412000,0.0,0.0
2009-06-24 00:00:00-04:00,13.97397157612902,14.172018783860247,13.915722201323176,14.07882022857666,1414100,0.0,0.0
2009-06-25 00:00:00-04:00,14.049691381655798,14.469084739685059,13.968141839889576,14.469084739685059,1812700,0.0,0.0
2009-06-26 00:00:00-04:00,14.39918766203887,14.405012709625142,14.23026572609389,14.288515090942383,1754100,0.0,0.0
2009-06-29 00:00:00-04:00,14.317637916935702,14.527335166931152,14.212789291937977,14.527335166931152,771300,0.0,0.0
2009-06-30 00:00:00-04:00,14.50986004743951,14.707907203616868,14.30016279713075,14.498209953308105,2245600,0.0,0.0
2009-07-01 00:00:00-04:00,14.509861696325105,14.853531735156935,14.498211600869796,14.789457321166992,1157400,0.0,0.0
2009-07-02 00:00:00-04:00,14.62635973583066,14.62635973583066,14.113766670227049,14.11376667022705,1535100,0.0,0.0
2009-07-06 00:00:00-04:00,14.038046194860257,14.259392488985268,13.98562186790694,14.195319175720215,959300,0.0,0.0
2009-07-07 00:00:00-04:00,14.102120616353734,14.18949524215197,13.740976458977162,13.770100593566895,1369800,0.0,0.0
2009-07-08 00:00:00-04:00,13.80504764762157,13.892421141894769,13.496326782774396,13.653599739074707,1647100,0.0,0.0
2009-07-09 00:00:00-04:00,13.781747461685983,13.781747461685983,13.48467669223624,13.647774696350098,1239400,0.0,0.0
2009-07-10 00:00:00-04:00,13.618646471872252,13.659421797221983,13.461374661007916,13.6069974899292,659300,0.0,0.0
2009-07-13 00:00:00-04:00,13.612824911937691,13.82834611418325,13.449726915119106,13.805047035217285,1102800,0.0,0.0
2009-07-14 00:00:00-04:00,13.81086864058291,13.956491470336912,13.706021136411806,13.956491470336914,994300,0.0,0.0
2009-07-15 00:00:00-04:00,14.084643948944752,14.317640315181633,14.008919435533821,14.305990219116211,1103200,0.0,0.0
2009-07-16 00:00:00-04:00,14.236088997135454,14.375886788717706,14.055515877537719,14.335112571716309,1012500,0.0,0.0
2009-07-17 00:00:00-04:00,14.038045999516893,14.206967964337988,13.909897152741149,14.07882022857666,1668100,0.0,0.0
2009-07-20 00:00:00-04:00,14.172015433121295,14.265213966369629,13.985618366624628,14.265213966369629,1173000,0.0,0.0
2009-07-21 00:00:00-04:00,14.253564214336976,14.492385600399194,14.206964946593475,14.428312301635742,1705800,0.0,0.0
2009-07-22 00:00:00-04:00,14.422487976494235,14.474912294207584,14.271040070990585,14.329289436340332,1270200,0.0,0.0
2009-07-23 00:00:00-04:00,14.305987388861519,14.76033104639815,14.305987388861519,14.690431594848633,1809200,0.0,0.0
2009-07-24 00:00:00-04:00,14.562283669386291,15.034101349190466,14.562283669386291,15.004977226257324,1269900,0.0,0.0
2009-07-27 00:00:00-04:00,14.952553044253964,15.057401665333959,14.853529470013312,15.045751571655273,1094800,0.0,0.0
2009-07-28 00:00:00-04:00,15.01080585079723,15.057405125205408,14.818583704986708,14.923432350158691,1417100,0.0,0.0
2009-07-29 00:00:00-04:00,14.911781224410463,15.07487811807298,14.661309725126724,14.830231666564941,1401200,0.0,0.0
2009-07-30 00:00:00-04:00,14.929258440962744,15.133130712538769,14.853535025756248,14.987507820129395,1298400,0.0,0.0
2009-07-31 00:00:00-04:00,14.981677502782492,15.034101814495942,14.74868117906389,14.812755584716797,1508900,0.0,0.0
2009-08-03 00:00:00-04:00,14.841884594548874,15.022457777013427,14.725386949845218,14.859359741210938,1334900,0.0,0.0
2009-08-04 00:00:00-04:00,14.812750291418,14.929247856140138,14.783625066977182,14.929247856140137,1762900,0.0,0.0
2009-08-05 00:00:00-04:00,14.95837796295585,15.1389499693723,14.737030629013297,15.004977226257324,2250700,0.0,0.0
2009-08-06 00:00:00-04:00,15.296226517792892,15.797169550036642,15.226327050799723,15.278751373291016,3999000,0.0,0.0
2009-08-07 00:00:00-04:00,15.401077289248706,15.47680070385019,15.214680166216294,15.383602142333984,1454300,0.0,0.0
2009-08-10 00:00:00-04:00,15.354470523374745,15.430193901062013,15.214672749250136,15.430193901062012,1516500,0.0,0.0
2009-08-11 00:00:00-04:00,15.43601867205286,15.43601867205286,15.249621643209167,15.360295295715332,925000,0.0,0.0
2009-08-12 00:00:00-04:00,15.348645078975935,15.430193500679119,15.220496289426453,15.302045822143555,2130400,0.0,0.0
2009-08-13 00:00:00-04:00,15.366123056384223,15.377773151340923,15.203026171047245,15.348649024963379,1666800,0.0,0.0
2009-08-14 00:00:00-04:00,15.383602142333984,15.465150605907041,15.19720501930157,15.383602142333984,956100,0.0,0.0
2009-08-17 00:00:00-04:00,15.284578112163329,15.29622820978659,15.138955224915948,15.185554504394531,948300,0.0,0.0
2009-08-18 00:00:00-04:00,15.17973063194813,15.313704542969123,15.08070701650542,15.267104148864746,1294200,0.0,0.0
2009-08-19 00:00:00-04:00,15.168076072123661,15.354473136006092,15.06322744593626,15.325347900390625,846400,0.0,0.0
2009-08-20 00:00:00-04:00,15.296222129679986,15.424369819554956,15.220497636243035,15.4127197265625,1209900,0.0,0.0
2009-08-21 00:00:00-04:00,15.48261628866926,15.791337029362154,15.41271685475271,15.756386756896973,1317200,0.0,0.0
2009-08-24 00:00:00-04:00,15.832114212103212,15.861238333618026,15.686491382501107,15.843764305114746,1133000,0.0,0.0
2009-08-25 00:00:00-04:00,15.89618968963623,16.01851234150276,15.80881509714403,15.89618968963623,1642100,0.0,0.0
2009-08-26 00:00:00-04:00,15.89619008818411,16.05928696142863,15.75056724506486,15.99521255493164,1440400,0.0,0.0
2009-08-27 00:00:00-04:00,16.035991668701172,16.1058900277263,15.861243549109584,16.035991668701172,1934400,0.0,0.0
2009-08-28 00:00:00-04:00,16.111710427203004,16.111710427203004,15.896189252879516,16.05928611755371,1289200,0.0,0.0
2009-08-31 00:00:00-04:00,15.98938593230388,16.01851005162854,15.692315248933825,15.709789276123047,1975900,0.0,0.0
2009-09-01 00:00:00-04:00,15.680666101330432,15.884538281925188,15.59911767349813,15.721440315246582,2758900,0.0,0.0
2009-09-02 00:00:00-04:00,15.68649531936339,15.703969352252154,15.500098228454592,15.50009822845459,1113900,0.0,0.0
2009-09-03 00:00:00-04:00,15.616599057196392,15.651549352169628,15.500101406995855,15.639899253845215,2239900,0.0,0.0
2009-09-04 00:00:00-04:00,15.639894623960691,15.680668845011196,15.49427177105792,15.663193702697754,966600,0.0,0.0
2009-09-08 00:00:00-04:00,15.831613049647041,15.831613049647041,15.494769283507072,15.559774398803711,1600500,0.385,0.0
2009-09-09 00:00:00-04:00,15.098827594866236,15.601137168197498,15.016094651194672,15.42385196685791,5158100,0.0,0.0
2009-09-10 00:00:00-04:00,15.081110023869735,15.217028845957785,14.96291905770029,14.980648040771484,17604800,0.0,0.0
2009-09-11 00:00:00-04:00,15.03973960876465,15.104743608798904,14.785629886656093,15.039739608764648,6745000,0.0,0.0
2009-09-14 00:00:00-04:00,15.022012523979779,15.157931327819826,14.951097728368378,15.157931327819824,2236200,0.0,0.0
2009-09-15 00:00:00-04:00,15.211114547892976,15.364762306213379,15.045647471128177,15.364762306213379,3220800,0.0,0.0
2009-09-16 00:00:00-04:00,15.364759899084843,15.477041152411505,15.252478645758183,15.453402519226074,3168100,0.0,0.0
2009-09-17 00:00:00-04:00,15.447502440063232,15.471141087907199,15.240669907192363,15.335222244262695,2323100,0.0,0.0
2009-09-18 00:00:00-04:00,15.311578917042928,15.406131225217104,15.222936269023693,15.394311904907227,2845500,0.0,0.0
2009-09-21 00:00:00-04:00,15.347033494391008,15.441585788663437,15.175657883704325,15.24657154083252,1247200,0.0,0.0
2009-09-22 00:00:00-04:00,15.311578062618068,15.36476387389219,15.098834817521574,15.11656379699707,1154000,0.0,0.0
2009-09-23 00:00:00-04:00,15.187474925608361,15.347031193804751,15.069284011909023,15.098831176757812,1202000,0.0,0.0
2009-09-24 00:00:00-04:00,15.134293656787412,15.181569810986277,14.915640739147392,14.974736213684082,1513800,0.0,0.0
2009-09-25 00:00:00-04:00,14.945188258426343,15.128383205472629,14.921549618986893,15.05746841430664,1774800,0.0,0.0
2009-09-28 00:00:00-04:00,15.110650086606677,15.287936452381107,15.069283606071595,15.211112022399902,1032800,0.0,0.0
2009-09-29 00:00:00-04:00,15.217024891047695,15.358853337298212,15.152019763834096,15.258391380310059,1687500,0.0,0.0
2009-09-30 00:00:00-04:00,15.364767891597412,15.364767891597412,14.921553433185949,14.939282417297363,2844300,0.0,0.0
2009-10-01 00:00:00-04:00,14.939278612731721,14.992464424368553,14.626073402776207,14.655620574951172,2502000,0.0,0.0
2009-10-02 00:00:00-04:00,14.614254700996872,14.620164361112224,14.342417098605196,14.490155220031738,2098800,0.0,0.0
2009-10-05 00:00:00-04:00,14.519700146560409,14.643800735473633,14.312866583139865,14.643800735473633,1812100,0.0,0.0
2009-10-06 00:00:00-04:00,14.685167069575977,14.880181312561035,14.596524436792265,14.880181312561035,1941700,0.0,0.0
2009-10-07 00:00:00-04:00,14.88017992751166,14.927456069072653,14.779717985800538,14.891999244689941,1169600,0.0,0.0
2009-10-08 00:00:00-04:00,14.92745659483244,14.980642396855828,14.868361134011769,14.921546936035156,1155600,0.0,0.0
2009-10-09 00:00:00-04:00,14.933374404907228,14.992469897984758,14.903826094792073,14.933374404907227,947600,0.0,0.0
2009-10-12 00:00:00-04:00,15.027926742970166,15.027926742970166,14.874278911829697,14.933374404907227,1119500,0.0,0.0
2009-10-13 00:00:00-04:00,14.95110061288565,15.004286438067238,14.797453925864012,14.939282417297363,1710800,0.0,0.0
2009-10-14 00:00:00-04:00,15.022013764722002,15.08701890547218,14.844728451779288,14.9451904296875,1275900,0.0,0.0
2009-10-15 00:00:00-04:00,14.886091247405885,15.110652663093878,14.886091247405885,15.104743003845215,1627000,0.0,0.0
2009-10-16 00:00:00-04:00,15.027918140299105,15.175656224844474,14.945185173642383,15.134289741516113,1074200,0.0,0.0
2009-10-19 00:00:00-04:00,15.16383720249356,15.412037234443233,15.06337525796269,15.358851432800293,1112000,0.0,0.0
2009-10-20 00:00:00-04:00,15.36476430937744,15.36476430937744,15.092926712629295,15.205206871032715,1208000,0.0,0.0
2009-10-21 00:00:00-04:00,15.217024453665731,15.376581873793528,15.152019328320572,15.169748306274414,1180900,0.0,0.0
2009-10-22 00:00:00-04:00,14.9215465390821,15.15201759028419,14.850631762553384,15.134289741516113,2319900,0.0,0.0
2009-10-23 00:00:00-04:00,15.187475411234168,15.23475155279516,14.844723103128949,14.891999244689941,1152600,0.0,0.0
2009-10-26 00:00:00-04:00,14.933364218028018,15.122468765155153,14.702892064958814,14.779716491699219,2632200,0.0,0.0
2009-10-27 00:00:00-04:00,14.785630486149062,15.01610157966082,14.773811166699142,14.791540145874023,1617700,0.0,0.0
2009-10-28 00:00:00-04:00,14.756082101212474,14.909729871705705,14.608343990409638,14.767901420593262,1921900,0.0,0.0
2009-10-29 00:00:00-04:00,14.79744783236079,14.98064275079618,14.696985884737733,14.968823432922363,1591100,0.0,0.0
2009-10-30 00:00:00-04:00,15.175659747609767,15.175659747609767,14.383783340454102,14.383783340454102,3138300,0.0,0.0
2009-11-02 00:00:00-05:00,14.436971449717406,14.572890270152724,14.18286166454981,14.230137825012207,2263800,0.0,0.0
2009-11-03 00:00:00-05:00,14.18285455402794,14.218311374810447,14.052845459724074,14.141488075256348,2169800,0.0,0.0
2009-11-04 00:00:00-05:00,14.176944595078233,14.466511067484225,14.16512527935097,14.295135498046875,1948200,0.0,0.0
2009-11-05 00:00:00-05:00,14.348332191651366,14.637898884032209,14.324693542239293,14.626079559326172,1431500,0.0,0.0
2009-11-06 00:00:00-05:00,14.584710121154787,14.714719285354652,14.50197711913238,14.584710121154785,1345100,0.0,0.0
2009-11-09 00:00:00-05:00,14.691080475421316,15.004284599611212,14.63198499611015,14.998374938964844,1621900,0.0,0.0
2009-11-10 00:00:00-05:00,14.957004902822403,15.116562321066116,14.957004902822403,15.087015151977539,1836400,0.0,0.0
2009-11-11 00:00:00-05:00,15.163840468425722,15.205206961468003,15.045649522174287,15.146111488342285,1553600,0.0,0.0
2009-11-12 00:00:00-05:00,15.092922190679321,15.15792617681816,14.94518411658333,15.010188102722168,1374300,0.0,0.0
2009-11-13 00:00:00-05:00,15.016102945441459,15.26430304070299,15.016102945441459,15.199297904968262,1299400,0.0,0.0
2009-11-16 00:00:00-05:00,15.222937407674417,15.358856219947244,15.163841928857206,15.240666389465332,2064300,0.0,0.0
2009-11-17 00:00:00-05:00,15.234753007401348,15.376581445626027,15.222933689094567,15.29975700378418,1085700,0.0,0.0
2009-11-18 00:00:00-05:00,15.276120186608392,15.329305994246958,15.187477549594876,15.293848037719727,1099900,0.0,0.0
2009-11-19 00:00:00-05:00,15.222938506981517,15.246576023923852,14.915642896663028,14.980648040771484,1888900,0.0,0.0
2009-11-20 00:00:00-05:00,14.933372755926891,14.98655858110848,14.832910766934187,14.939282417297363,2115000,0.0,0.0
2009-11-23 00:00:00-05:00,14.980640795420676,15.19929251178541,14.980640795420676,15.128378868103027,1237400,0.0,0.0
2009-11-24 00:00:00-05:00,15.175660733577628,15.228846549987793,15.010193623951286,15.228846549987793,1546100,0.0,0.0
2009-11-25 00:00:00-05:00,15.258390694518312,15.40021913439432,15.193385570226383,15.364762306213379,1456100,0.0,0.0
2009-11-27 00:00:00-05:00,15.122473456822235,15.234754739195646,14.992464322125688,15.11656379699707,762600,0.0,0.0
2009-11-30 00:00:00-05:00,15.092923551737744,15.364761091555302,15.051555940452667,15.358851432800293,2402500,0.0,0.0
2009-12-01 00:00:00-05:00,15.447493515236786,15.713422514076456,15.394307715468852,15.707512855529785,2482800,0.0,0.0
2009-12-02 00:00:00-05:00,15.737057393539567,15.937981241970279,15.666143757123981,15.890705108642578,2468400,0.0,0.0
2009-12-03 00:00:00-05:00,15.949804226676944,16.180275288780194,15.89661842355278,16.008899688720703,1748000,0.0,0.0
2009-12-04 00:00:00-05:00,16.162554807484273,16.33393048567184,15.807983000728973,15.961630821228027,3703400,0.0,0.0
2009-12-07 00:00:00-05:00,16.00658951133768,16.216412797658595,15.988604168173966,16.150468826293945,3254400,0.385,0.0
2009-12-08 00:00:00-05:00,16.14447460524219,16.15046971996183,15.964624594006702,16.018579483032227,1824600,0.0,0.0
2009-12-09 00:00:00-05:00,16.018573773356135,16.090513980898137,15.92864937151674,16.05454444885254,1121900,0.0,0.0
2009-12-10 00:00:00-05:00,16.120493127689613,16.318327327131414,16.066538242073566,16.174448013305664,1477100,0.0,0.0
2009-12-11 00:00:00-05:00,16.174444329228578,16.70200283654469,16.144469907803042,16.678022384643555,2194700,0.0,0.0
2009-12-14 00:00:00-05:00,16.713995244631946,17.007750121614894,16.713995244631946,16.881855010986328,1783500,0.0,0.0
2009-12-15 00:00:00-05:00,16.803917767652607,16.929811712009236,16.73797266720814,16.845882415771484,1263900,0.0,0.0
2009-12-16 00:00:00-05:00,16.863871264767514,16.905837067916803,16.60009307710785,16.636062622070312,1792300,0.0,0.0
2009-12-17 00:00:00-05:00,16.576106602070784,16.713990760592864,16.46220175033694,16.642051696777344,1418000,0.0,0.0
2009-12-18 00:00:00-05:00,16.696010028102528,16.81590887380506,16.51016607402042,16.785934448242188,1869600,0.0,0.0
2009-12-21 00:00:00-05:00,16.809914151799273,17.067697173085943,16.80391903826456,16.857873916625977,1207400,0.0,0.0
2009-12-22 00:00:00-05:00,16.90583443739576,16.96578328852151,16.737974681270966,16.785934448242188,1264100,0.0,0.0
2009-12-23 00:00:00-05:00,16.833894483827788,16.935809133199243,16.77993960219284,16.917823791503906,911300,0.0,0.0
2009-12-24 00:00:00-05:00,16.899835153004457,17.10965951051665,16.899835153004457,17.10366439819336,310800,0.0,0.0
2009-12-28 00:00:00-05:00,17.097676148449615,17.1876005824909,17.043721259334603,17.13964080810547,806000,0.0,0.0
2009-12-29 00:00:00-05:00,17.115664435619497,17.163624221455517,17.055715560913086,17.055715560913086,643200,0.0,0.0
2009-12-30 00:00:00-05:00,16.9418024252537,17.073691486483575,16.91182685898491,17.031726837158203,745400,0.0,0.0
2009-12-31 00:00:00-05:00,17.121653268481055,17.16961303671681,16.75596046447754,16.75596046447754,812600,0.0,0.0
2010-01-04 00:00:00-05:00,16.803916305538465,16.947795576620305,16.600087052309824,16.642051696777344,1299300,0.0,0.0
2010-01-05 00:00:00-05:00,16.648052981128494,16.69001764115322,16.432233422771382,16.576112747192383,1422200,0.0,0.0
2010-01-06 00:00:00-05:00,16.55213145438227,16.719990074430644,16.39626191901514,16.46220588684082,1880300,0.0,0.0
2010-01-07 00:00:00-05:00,16.468200861176197,16.468200861176197,16.216411789788943,16.306337356567383,936900,0.0,0.0
2010-01-08 00:00:00-05:00,16.318332133494227,16.318332133494227,16.084528322594757,16.19243812561035,954100,0.0,0.0
2010-01-11 00:00:00-05:00,16.21641198018594,16.354297317254623,16.21641198018594,16.324321746826172,997900,0.0,0.0
2010-01-12 00:00:00-05:00,16.276361786490877,16.462205747160894,16.24039224585015,16.306337356567383,1021900,0.0,0.0
2010-01-13 00:00:00-05:00,16.30633698599884,16.480190714687353,16.27036630272448,16.41424560546875,1240900,0.0,0.0
2010-01-14 00:00:00-05:00,16.34230262216735,16.486181890543453,16.33630750972033,16.474191665649414,763100,0.0,0.0
2010-01-15 00:00:00-05:00,16.432231072479574,16.47419572650212,16.13847735087071,16.39026641845703,1776100,0.0,0.0
2010-01-19 00:00:00-05:00,16.408245308451956,16.630058719196466,16.34829533622755,16.60008430480957,1273000,0.0,0.0
2010-01-20 00:00:00-05:00,16.48618716656938,16.51016762403185,16.204423652092242,16.288352966308594,1638600,0.0,0.0
2010-01-21 00:00:00-05:00,16.312329399364643,16.4262342652921,15.718826903402023,15.898676872253418,4065200,0.0,0.0
2010-01-22 00:00:00-05:00,15.93465306726125,15.93465306726125,15.437069889380442,15.455055236816406,2570000,0.0,0.0
2010-01-25 00:00:00-05:00,15.592934730025744,15.628904270511836,15.443060310640782,15.532984733581543,1582000,0.0,0.0
2010-01-26 00:00:00-05:00,15.50300638704719,15.634895431114552,15.425071068340866,15.574945449829102,1525100,0.0,0.0
2010-01-27 00:00:00-05:00,15.556962845037416,15.61691168899599,15.347138460829703,15.580942153930664,1943700,0.0,0.0
2010-01-28 00:00:00-05:00,15.51499995722489,15.604925526895038,15.287191334573269,15.42507553100586,1887900,0.0,0.0
2010-01-29 00:00:00-05:00,15.503007584416565,15.54497223152227,15.293183205437167,15.31716251373291,1583000,0.0,0.0
2010-02-01 00:00:00-05:00,15.34114946658185,15.437069027314296,15.179284779051587,15.28119945526123,1714600,0.0,0.0
2010-02-02 00:00:00-05:00,15.275202679452947,15.45505269386609,15.137318468818737,15.449057579040527,1981000,0.0,0.0
2010-02-03 00:00:00-05:00,15.173283243732092,15.377112509910866,15.161294161301658,15.353133201599121,2162500,0.0,0.0
2010-02-04 00:00:00-05:00,15.257215133519768,15.26320910358001,14.97545051574707,14.97545051574707,1652900,0.0,0.0
2010-02-05 00:00:00-05:00,14.98744034740444,15.005425687463669,14.657717117141924,14.903511047363281,2836400,0.0,0.0
2010-02-08 00:00:00-05:00,14.981447783303317,14.981447783303317,14.639734268188477,14.639734268188477,1857800,0.0,0.0
2010-02-09 00:00:00-05:00,14.759635796828963,14.98144933434649,14.69369067534746,14.765629768371582,1916200,0.0,0.0
2010-02-10 00:00:00-05:00,14.783608123015885,14.783608123015885,14.561794690381461,14.633733749389648,2090500,0.0,0.0
2010-02-11 00:00:00-05:00,14.633740668859843,14.813589544871421,14.471875994378664,14.765629768371582,2604900,0.0,0.0
2010-02-12 00:00:00-05:00,14.663713330825013,14.765627986519963,14.537819361499498,14.723663330078125,1986800,0.0,0.0
2010-02-16 00:00:00-05:00,14.843561021013631,15.077364723957542,14.813585454321494,15.04139518737793,1454800,0.0,0.0
2010-02-17 00:00:00-05:00,15.119327011413288,15.2272367477417,15.023407499888204,15.2272367477417,1957500,0.0,0.0
2010-02-18 00:00:00-05:00,15.269209588934764,15.73681831626043,15.269209588934764,15.371124267578125,3138500,0.0,0.0
2010-02-19 00:00:00-05:00,15.359132003617429,15.622910175657328,15.197267345694433,15.377116203308105,2066000,0.0,0.0
2010-02-22 00:00:00-05:00,15.467035206061013,15.479025430615891,15.203257126558182,15.233231544494629,1396900,0.0,0.0
2010-02-23 00:00:00-05:00,15.239233915331221,15.26920834754471,15.089359467361186,15.161299705505371,1402600,0.0,0.0
2010-02-24 00:00:00-05:00,15.191271070035484,15.257216179729939,14.921496660786403,15.071371078491211,1640200,0.0,0.0
2010-02-25 00:00:00-05:00,14.933485115730312,15.029404640197756,14.783610715818565,15.029404640197754,1876100,0.0,0.0
2010-02-26 00:00:00-05:00,15.059382290570516,15.059382290570516,14.777617647929718,14.813587188720703,2139100,0.0,0.0
2010-03-01 00:00:00-05:00,14.879526266731833,15.071365264436416,14.879526266731833,15.0114164352417,1375600,0.0,0.0
2010-03-02 00:00:00-05:00,15.089355547512671,15.203260418546538,15.065375093210385,15.185275077819824,1253100,0.0,0.0
2010-03-03 00:00:00-05:00,15.191267223486786,15.305172072267133,15.155297692511699,15.245222091674805,1580800,0.0,0.0
2010-03-04 00:00:00-05:00,15.239232760158243,15.347142537469038,15.167292527467312,15.341147422790527,1604000,0.0,0.0
2010-03-05 00:00:00-05:00,15.431066299325643,15.550966262817381,15.347137010951904,15.550966262817383,2016800,0.0,0.0
2010-03-08 00:00:00-05:00,15.480988484169455,15.535756223813225,15.401879011049461,15.517499923706055,1957300,0.385,0.0
2010-03-09 00:00:00-05:00,15.480985582087175,15.584435608612806,15.438388717166772,15.560093879699707,1365600,0.0,0.0
2010-03-10 00:00:00-05:00,15.566179311927982,15.687885635138434,15.48707101431545,15.560093879699707,1601300,0.0,0.0
2010-03-11 00:00:00-05:00,15.554013849364798,15.675720214843748,15.432308644563768,15.67572021484375,1269000,0.0,0.0
2010-03-12 00:00:00-05:00,15.712227180265579,15.754824047834399,15.517497979563782,15.52358341217041,1175200,0.0,0.0
2010-03-15 00:00:00-04:00,15.529667008857428,15.57834930327765,15.426216988129777,15.5114107131958,1699600,0.0,0.0
2010-03-16 00:00:00-04:00,15.487073917538511,15.56618222998077,15.45664675069323,15.517499923706055,1448400,0.0,0.0
2010-03-17 00:00:00-04:00,15.51749970074614,15.639206045023078,15.474902828452526,15.620949745178223,1014500,0.0,0.0
2010-03-18 00:00:00-04:00,15.633119265856644,15.821763038635254,15.62094840034122,15.821763038635254,1627400,0.0,0.0
2010-03-19 00:00:00-04:00,15.846102714538572,15.943467304679235,15.718310964555537,15.846102714538574,2912200,0.0,0.0
2010-03-22 00:00:00-04:00,15.791335370834554,15.803505074389456,15.608775889381079,15.712225914001465,1865900,0.0,0.0
2010-03-23 00:00:00-04:00,15.693977420057152,15.760914880308432,15.65746481190774,15.748744010925293,936900,0.0,0.0
2010-03-24 00:00:00-04:00,15.675717709268309,15.754826021710567,15.511414490337,15.517499923706055,1336700,0.0,0.0
2010-03-25 00:00:00-04:00,15.560096001902268,15.627034604865358,15.383623085923682,15.389708518981934,1730700,0.0,0.0
2010-03-26 00:00:00-04:00,15.487077631744533,15.663550599059048,15.407968139652015,15.596611976623535,2368600,0.0,0.0
2010-03-29 00:00:00-04:00,15.663545320199187,15.815677657606729,15.58443701544542,15.779166221618652,1529400,0.0,0.0
2010-03-30 00:00:00-04:00,15.815672730764465,15.93129359616613,15.748734151740775,15.87652587890625,1218900,0.0,0.0
2010-03-31 00:00:00-04:00,15.88870632349291,15.906961466471435,15.736573941722746,15.870450019836426,1887300,0.0,0.0
2010-04-01 00:00:00-04:00,15.943467806208774,16.095600128173828,15.937382374048871,16.095600128173828,1258600,0.0,0.0
2010-04-05 00:00:00-04:00,16.15645413902995,16.15645413902995,16.03474896271864,16.11385726928711,1780900,0.0,0.0
2010-04-06 00:00:00-04:00,16.059094040910317,16.21731185913086,16.01649715921209,16.21731185913086,1051800,0.0,0.0
2010-04-07 00:00:00-04:00,16.211223869644304,16.259906178295452,16.06517694369085,16.101688385009766,1399600,0.0,0.0
2010-04-08 00:00:00-04:00,16.07734790978283,16.083433343486327,15.937386416635743,15.986068725585938,1206700,0.0,0.0
2010-04-09 00:00:00-04:00,15.979980172197642,16.132112503051758,15.93129787275143,16.132112503051758,959100,0.0,0.0
2010-04-12 00:00:00-04:00,16.132117047267222,16.296420289434455,16.132117047267222,16.265993118286133,950200,0.0,0.0
2010-04-13 00:00:00-04:00,16.25381854229917,16.27207484082387,16.10777163613452,16.180795669555664,1104100,0.0,0.0
2010-04-14 00:00:00-04:00,16.16254410818229,16.223397293756033,16.07126491016066,16.21731185913086,1239500,0.0,0.0
2010-04-15 00:00:00-04:00,16.15645867355712,16.21731185913086,15.992156581389379,16.21731185913086,1390400,0.0,0.0
2010-04-16 00:00:00-04:00,16.192963916302705,16.27815764095071,16.010404442614547,16.034746170043945,1733700,0.0,0.0
2010-04-19 00:00:00-04:00,15.986061198119277,16.06516947765891,15.913037188740402,16.004316329956055,1375400,0.0,0.0
2010-04-20 00:00:00-04:00,16.095603622183134,16.24773597717285,16.046921315013535,16.24773597717285,1297100,0.0,0.0
2010-04-21 00:00:00-04:00,16.278159918886296,16.381609953582956,16.223392185183496,16.375524520874023,1418100,0.0,0.0
2010-04-22 00:00:00-04:00,16.369439467007425,16.369439467007425,16.09560195283355,16.21122169494629,1930600,0.0,0.0
2010-04-23 00:00:00-04:00,16.199047952902237,16.32075309753418,16.095597941592548,16.32075309753418,1265200,0.0,0.0
2010-04-26 00:00:00-04:00,16.345100667356174,16.345100667356174,16.20513801800109,16.235565185546875,964200,0.0,0.0
2010-04-27 00:00:00-04:00,16.138205166012405,16.16863118154405,15.900877834288805,15.919134140014648,1515600,0.0,0.0
2010-04-28 00:00:00-04:00,15.961729690294968,16.162544393761976,15.833939042942323,16.107776641845703,1627400,0.0,0.0
2010-04-29 00:00:00-04:00,16.15645417049918,16.339013676338205,16.02866356102175,16.040834426879883,2314800,0.0,0.0
2010-04-30 00:00:00-04:00,15.846103004673841,15.998235324638785,15.280170588695848,15.797419548034668,4132500,0.0,0.0
2010-05-03 00:00:00-04:00,15.77916927893406,15.846107891780003,15.590525468987492,15.681804656982422,2290300,0.0,0.0
2010-05-04 00:00:00-04:00,15.596608124413798,15.620949857715638,15.426220634011829,15.602693557739258,2510900,0.0,0.0
2010-05-05 00:00:00-04:00,15.328852399289335,15.706139890876685,15.316681535514917,15.5114107131958,2421400,0.0,0.0
2010-05-06 00:00:00-04:00,15.432312197086901,15.505335104641832,14.050949621825767,15.006340980529785,4297900,0.0,0.0
2010-05-07 00:00:00-04:00,15.042847196827449,15.079359798570481,14.483000070889911,14.726412773132324,3802200,0.0,0.0
2010-05-10 00:00:00-04:00,15.21931810965352,15.341023274665405,15.024588917092471,15.334939002990723,2377600,0.0,0.0
2010-05-11 00:00:00-04:00,15.219321004897207,15.517500282815067,15.219321004897207,15.359282493591309,2102300,0.0,0.0
2010-05-12 00:00:00-04:00,15.328856131976258,15.54184165718228,15.243661225487207,15.517499923706055,1696200,0.0,0.0
2010-05-13 00:00:00-04:00,15.51750401811249,15.590528077131358,15.334945611582384,15.377542495727539,1553300,0.0,0.0
2010-05-14 00:00:00-04:00,15.304512036624127,15.395791201717797,15.103697409147026,15.268000602722168,1869000,0.0,0.0
2010-05-17 00:00:00-04:00,15.328859445838567,15.37145632795301,15.079362427158548,15.310603141784668,1363700,0.0,0.0
2010-05-18 00:00:00-04:00,15.401879540015969,15.60877963895877,15.201064874651223,15.231492042541504,1696200,0.0,0.0
2010-05-19 00:00:00-04:00,15.176725686254755,15.237578866911843,14.860290075380204,15.030678749084473,1799500,0.0,0.0
2010-05-20 00:00:00-04:00,14.805515550454526,14.988073848167328,14.604700958699501,14.689894676208496,3218600,0.0,0.0
2010-05-21 00:00:00-04:00,14.53167694320797,14.72032183294553,14.452568657046381,14.689894676208496,3656700,0.0,0.0
2010-05-24 00:00:00-04:00,14.604705961021942,14.866373795198692,14.50734134746935,14.580364227294922,1853200,0.0,0.0
2010-05-25 00:00:00-04:00,14.391719689381967,14.47082915922605,14.081369564478068,14.446487426757812,3179600,0.0,0.0
2010-05-26 00:00:00-04:00,14.568197366788608,14.787267209735086,14.397808679449815,14.549941062927246,2443900,0.0,0.0
2010-05-27 00:00:00-04:00,14.787268413284178,14.896803924011598,14.695989207904018,14.854207038879395,1436500,0.0,0.0
2010-05-28 00:00:00-04:00,14.878550311969564,15.164558827803052,14.750758482731154,15.006340980529785,3452900,0.0,0.0
2010-06-01 00:00:00-04:00,14.8907123827097,14.915054113190978,14.574278011196231,14.586447715759277,2370600,0.0,0.0
2010-06-02 00:00:00-04:00,14.635129308439966,14.963735689983643,14.622959604465322,14.945479393005371,2568600,0.0,0.0
2010-06-03 00:00:00-04:00,14.96982159658794,15.170636227001053,14.945479866512375,15.128039360046387,1996800,0.0,0.0
2010-06-04 00:00:00-04:00,14.902890765444774,14.994169979438535,14.63513739847532,14.659479141235352,2832900,0.0,0.0
2010-06-07 00:00:00-04:00,14.631644413048347,14.934666495031168,14.631644413048347,14.773879051208496,2527100,0.385,0.0
2010-06-08 00:00:00-04:00,14.817171067139112,14.854276686767136,14.650200496928539,14.835723876953125,2129700,0.0,0.0
2010-06-09 00:00:00-04:00,14.90992755078877,14.947031974996163,14.674930111909077,14.718218803405762,1784200,0.0,0.0
2010-06-10 00:00:00-04:00,14.872830310419978,15.002697637466083,14.773884337208203,14.996513366699219,2285000,0.0,0.0
2010-06-11 00:00:00-04:00,14.891375828829185,14.977953218101066,14.742956941708044,14.916112899780273,1676700,0.0,0.0
2010-06-14 00:00:00-04:00,14.940848350524904,15.05216280746467,14.922295547858798,14.940848350524902,1219500,0.0,0.0
2010-06-15 00:00:00-04:00,15.045976676340679,15.392287359848847,15.045976676340679,15.37992000579834,1999400,0.0,0.0
2010-06-16 00:00:00-04:00,15.280975349351811,15.713864657297066,15.280975349351811,15.596365928649902,2614300,0.0,0.0
2010-06-17 00:00:00-04:00,15.645838896298024,15.806626319885252,15.50978854381428,15.806626319885254,1564600,0.0,0.0
2010-06-18 00:00:00-04:00,15.7942590713501,15.837547766547326,15.72623330488104,15.794259071350098,1866100,0.0,0.0
2010-06-21 00:00:00-04:00,15.899390382824105,15.936495995092896,15.608736830557143,15.658209800720215,1237800,0.0,0.0
2010-06-22 00:00:00-04:00,15.639658229210264,15.70768282621872,15.206768854111909,15.237689018249512,1751100,0.0,0.0
2010-06-23 00:00:00-04:00,15.262426748742865,15.280978376210804,14.9594046449699,15.03979778289795,1204300,0.0,0.0
2010-06-24 00:00:00-04:00,15.015065255191793,15.169668476264293,14.953223730856998,14.977959632873535,1246900,0.0,0.0
2010-06-25 00:00:00-04:00,14.959408276993182,15.089274418914027,14.84190949654409,15.002696990966797,1657700,0.0,0.0
2010-06-28 00:00:00-04:00,15.095452594733974,15.206767059740278,14.971769593720632,15.120189666748047,859100,0.0,0.0
2010-06-29 00:00:00-04:00,14.971771214025726,15.00269255738975,14.718222096083936,14.798616409301758,2110000,0.0,0.0
2010-06-30 00:00:00-04:00,14.810979505741226,15.015055578860593,14.6687437375752,14.699665069580078,2083300,0.0,0.0
2010-07-01 00:00:00-04:00,14.730585844341254,14.736770111003482,14.501773875480172,14.588351249694824,1988200,0.0,0.0
2010-07-02 00:00:00-04:00,14.613091109454627,14.749142653953358,14.58835521560941,14.644012451171875,1120600,0.0,0.0
2010-07-06 00:00:00-04:00,14.742962216454918,14.977958576925094,14.674936426529577,14.817171096801758,1501100,0.0,0.0
2010-07-07 00:00:00-04:00,14.854275297106188,15.268611907958984,14.835722489027846,15.268611907958984,1287000,0.0,0.0
2010-07-08 00:00:00-04:00,15.355188396562296,15.386108561971401,15.188216672484238,15.33663558959961,1843900,0.0,0.0
2010-07-09 00:00:00-04:00,15.318085362863496,15.398478507995605,15.132560814858241,15.398478507995605,1276900,0.0,0.0
2010-07-12 00:00:00-04:00,15.373738776898268,15.460316170001148,15.280975936255446,15.417027473449707,783600,0.0,0.0
2010-07-13 00:00:00-04:00,15.466502363106294,15.627289812830714,15.41084512360443,15.503606796264648,1067500,0.0,0.0
2010-07-14 00:00:00-04:00,15.45413743336033,15.515978956080458,15.33663865814498,15.485058784484863,1615900,0.0,0.0
2010-07-15 00:00:00-04:00,15.423210175198529,15.54070771689786,15.305711453970801,15.509787559509277,1494800,0.0,0.0
2010-07-16 00:00:00-04:00,15.398474986201549,15.503605185501495,15.194398855740305,15.21295166015625,1580800,0.0,0.0
2010-07-19 00:00:00-04:00,15.280976437908052,15.627288380745535,15.280976437908052,15.546894073486328,1597900,0.0,0.0
2010-07-20 00:00:00-04:00,15.435581154565703,15.47887103641353,15.225321911805343,15.472686767578125,2525300,0.0,0.0
2010-07-21 00:00:00-04:00,15.515978410018922,15.515978410018922,15.163483276307346,15.262429237365723,1344100,0.0,0.0
2010-07-22 00:00:00-04:00,15.39847658604209,15.602552737706036,15.38610804847975,15.503606796264648,1490400,0.0,0.0
2010-07-23 00:00:00-04:00,15.53452492475802,15.720048231677929,15.367553240813052,15.639655113220215,1672700,0.0,0.0
2010-07-26 00:00:00-04:00,15.664397504660617,15.874657968846309,15.645844694457558,15.862289428710938,1230000,0.0,0.0
2010-07-27 00:00:00-04:00,15.955047689105081,16.19622945175656,15.905574718732998,16.15294075012207,2661300,0.0,0.0
2010-07-28 00:00:00-04:00,16.122024939355263,16.23952372663664,16.02926323551378,16.20241928100586,2625100,0.0,0.0
2010-07-29 00:00:00-04:00,16.276622502958414,16.332279741783147,15.837550040595124,15.955047607421875,1773700,0.0,0.0
2010-07-30 00:00:00-04:00,15.843736847938366,15.843736847938366,15.590186508483479,15.689133644104004,1744800,0.0,0.0
2010-08-02 00:00:00-04:00,15.924125361759478,16.078728520611513,15.868468130210466,16.0230712890625,1630200,0.0,0.0
2010-08-03 00:00:00-04:00,15.961236365774592,16.177681113250127,15.955052095329123,16.146760940551758,1412600,0.0,0.0
2010-08-04 00:00:00-04:00,16.165308616676683,16.19622996133752,16.0045211630264,16.177677154541016,1671600,0.0,0.0
2010-08-05 00:00:00-04:00,16.27662206060933,16.864114596891415,16.233333360372914,16.721879959106445,4766400,0.0,0.0
2010-08-06 00:00:00-04:00,16.629113023119242,16.82082176208496,16.517798575856133,16.82082176208496,2807100,0.0,0.0
2010-08-09 00:00:00-04:00,16.90740588156966,16.944510318939944,16.814644198379547,16.888853073120117,2475800,0.0,0.0
2010-08-10 00:00:00-04:00,16.721881336170817,17.19187398846653,16.641487018086675,17.0805606842041,2285100,0.0,0.0
2010-08-11 00:00:00-04:00,16.845563090309813,16.92595740797294,16.703328441556533,16.70951271057129,2629700,0.0,0.0
2010-08-12 00:00:00-04:00,16.542551078861944,16.660049902774436,16.449789346101312,16.523998260498047,2314500,0.0,0.0
2010-08-13 00:00:00-04:00,16.431223560767396,17.111477696727338,16.338461901211154,17.05582046508789,5025000,0.0,0.0
2010-08-16 00:00:00-04:00,16.969249595405863,17.371217727661133,16.91359234237509,17.371217727661133,4358800,0.0,0.0
2010-08-17 00:00:00-04:00,17.463978355947216,17.637134374745365,17.290822337149066,17.297006607055664,3847700,0.0,0.0
2010-08-18 00:00:00-04:00,17.327917827555503,17.327917827555503,16.969238639340773,17.062000274658203,3436100,0.0,0.0
2010-08-19 00:00:00-04:00,16.96925301547165,17.018726008189034,16.653862244574874,16.76517677307129,2100400,0.0,0.0
2010-08-20 00:00:00-04:00,16.622928797504848,16.814637536948066,16.462142572755802,16.783716201782227,1963000,0.0,0.0
2010-08-23 00:00:00-04:00,16.88266623190808,17.253714087675768,16.864114605813295,17.105295181274414,2862900,0.0,0.0
2010-08-24 00:00:00-04:00,16.950691331058344,17.383580675463513,16.888849827639238,17.34029197692871,3569100,0.0,0.0
2010-08-25 00:00:00-04:00,17.19806140147199,17.346480347149576,17.080563806682814,17.27845573425293,4409200,0.0,0.0
2010-08-26 00:00:00-04:00,17.321742900766917,17.352663069368138,17.11766672122391,17.16095542907715,2010400,0.0,0.0
2010-08-27 00:00:00-04:00,17.25371545054207,17.513448852142865,17.105296532417146,17.482528686523438,2291900,0.0,0.0
2010-08-30 00:00:00-04:00,17.46397073577892,17.53199649554051,17.049634269057915,17.074371337890625,2639800,0.0,0.0
2010-08-31 00:00:00-04:00,17.02490063299129,17.38976418986476,16.956874864226517,17.358842849731445,2879300,0.0,0.0
2010-09-01 00:00:00-04:00,17.5505495183754,17.915413056079718,17.494893468116526,17.86594009399414,2266000,0.0,0.0
2010-09-02 00:00:00-04:00,17.804102503841644,17.927784338240944,17.54436911821588,17.600025177001953,3445900,0.0,0.0
2010-09-03 00:00:00-04:00,17.80410598803045,17.80410598803045,17.600028621253674,17.717527389526367,3029900,0.0,0.0
2010-09-07 00:00:00-04:00,17.745731659618393,17.814684020993088,17.563949791805715,17.620365142822266,1997600,0.385,0.0
2010-09-08 00:00:00-04:00,17.632894324716364,17.701846660153638,17.319476357230084,17.3696231842041,2310500,0.0,0.0
2010-09-09 00:00:00-04:00,17.55768141808637,17.60782826429931,17.382166858543524,17.38843536376953,2844700,0.0,0.0
2010-09-10 00:00:00-04:00,17.36336537056044,17.438585054351204,17.27560747867746,17.419780731201172,1438300,0.0,0.0
2010-09-13 00:00:00-04:00,17.551411842148966,17.664242538143704,17.43858114615423,17.601558685302734,1600900,0.0,0.0
2010-09-14 00:00:00-04:00,17.60156460956792,17.733200864399073,17.469929550332214,17.645442962646484,2067100,0.0,0.0
2010-09-15 00:00:00-04:00,17.657974365305147,17.683047189555925,17.313214961590223,17.426044464111328,2111800,0.0,0.0
2010-09-16 00:00:00-04:00,17.407240463457008,17.407240463457008,17.21918889795612,17.275604248046875,1566300,0.0,0.0
2010-09-17 00:00:00-04:00,17.281876155613205,17.33202301050077,17.137704097260873,17.187850952148438,2846500,0.0,0.0
2010-09-20 00:00:00-04:00,17.25680466405122,17.350829874806657,17.187852284886038,17.30695152282715,2404000,0.0,0.0
2010-09-21 00:00:00-04:00,17.306945582402133,17.40723926552925,17.20665189927502,17.2630672454834,2010900,0.0,0.0
2010-09-22 00:00:00-04:00,17.275604873275995,17.5451446233324,17.256800552961913,17.432313919067383,1609800,0.0,0.0
2010-09-23 00:00:00-04:00,17.369628037290422,17.438580391993032,17.16277216877759,17.181577682495117,1987400,0.0,0.0
2010-09-24 00:00:00-04:00,17.281872855821206,17.563949607951244,17.24426302073557,17.526338577270508,1586500,0.0,0.0
2010-09-27 00:00:00-04:00,17.570214937930665,17.80841211122162,17.494994085757536,17.708118438720703,2430100,0.0,0.0
2010-09-28 00:00:00-04:00,17.69558638409922,17.814685601880335,17.55768284470729,17.783344268798828,1695200,0.0,0.0
2010-09-29 00:00:00-04:00,17.76453896159743,17.864832663358136,17.67051376564617,17.82722282409668,1580500,0.0,0.0
2010-09-30 00:00:00-04:00,17.95258744829678,17.990198479162032,17.67678039552224,17.802146911621094,2351800,0.0,0.0
2010-10-01 00:00:00-04:00,17.958853919404397,18.14690546564644,17.820950408636207,18.046611785888672,2363700,0.0,0.0
2010-10-04 00:00:00-04:00,18.046617332039943,18.128105523538263,17.852297221644513,17.96512794494629,2620200,0.0,0.0
2010-10-05 00:00:00-04:00,18.165708525559346,18.20958685796586,17.933779855526375,18.203319549560547,3443500,0.0,0.0
2010-10-06 00:00:00-04:00,18.009004984275123,18.253471932183306,18.009004984275123,18.13437271118164,2635300,0.0,0.0
2010-10-07 00:00:00-04:00,18.22838901571643,18.297341351435662,18.14063236705172,18.278535842895508,1926800,0.0,0.0
2010-10-08 00:00:00-04:00,18.303619394430083,18.366302064379166,18.17198315722737,18.29108238220215,1638600,0.0,0.0
2010-10-11 00:00:00-04:00,18.334960729404624,18.36003475386049,18.209592998315877,18.29108238220215,1433500,0.0,0.0
2010-10-12 00:00:00-04:00,18.240936849564587,18.272278186808304,18.071690759019628,18.121837615966797,2225000,0.0,0.0
2010-10-13 00:00:00-04:00,18.234659708820118,18.253465219619095,18.071682202013406,18.11556053161621,2472900,0.0,0.0
2010-10-14 00:00:00-04:00,18.128099958681602,18.21585662960159,17.977659438992355,18.034074783325195,1685700,0.0,0.0
2010-10-15 00:00:00-04:00,18.109293940663086,18.19705180473222,17.99019594647524,18.103025436401367,4193500,0.0,0.0
2010-10-18 00:00:00-04:00,18.140635425767773,18.4352479356705,18.121829914056796,18.328685760498047,3102600,0.0,0.0
2010-10-19 00:00:00-04:00,18.17197776977456,18.28480845518442,18.04661127144856,18.140636444091797,2598300,0.0,0.0
2010-10-20 00:00:00-04:00,18.203325687797204,18.460328460493372,18.15317763888547,18.29108238220215,1925100,0.0,0.0
2010-10-21 00:00:00-04:00,18.37256512357212,18.37883362782766,18.077952597131326,18.140636444091797,2453700,0.0,0.0
2010-10-22 00:00:00-04:00,18.12182880889455,18.19078115203485,17.908704471547054,18.07168197631836,1343400,0.0,0.0
2010-10-25 00:00:00-04:00,18.12810092083371,18.20332178246818,18.02153873094865,18.027807235717773,1578000,0.0,0.0
2010-10-26 00:00:00-04:00,17.990196234187806,18.10302572591839,17.921243881801097,17.977659225463867,1538300,0.0,0.0
2010-10-27 00:00:00-04:00,17.92124271660089,17.927511220555292,17.582750676632283,17.914974212646484,1970700,0.0,0.0
2010-10-28 00:00:00-04:00,18.0403438145188,18.07795364664053,17.8272194398373,17.927513122558594,2660600,0.0,0.0
2010-10-29 00:00:00-04:00,17.983932372866786,18.18451978185708,17.802149286222292,18.165714263916016,2753800,0.0,0.0
2010-11-01 00:00:00-04:00,18.284808237641542,18.36002909221816,17.958853193801087,18.08422088623047,1479900,0.0,0.0
2010-11-02 00:00:00-04:00,18.228397046288162,18.372569088494068,18.228397046288162,18.366300582885742,1665200,0.0,0.0
2010-11-03 00:00:00-04:00,18.391369887187004,18.410175399187604,18.096757372746918,18.203319549560547,1344900,0.0,0.0
2010-11-04 00:00:00-04:00,18.316151931319197,18.667181037273277,18.316151931319197,18.62957000732422,2122900,0.0,0.0
2010-11-05 00:00:00-04:00,18.679722768863343,18.717333810726505,18.523013681219872,18.698528289794922,1514000,0.0,0.0
2010-11-08 00:00:00-05:00,18.67344983944668,18.736132499169194,18.44778843854131,18.516740798950195,1306100,0.0,0.0
2010-11-09 00:00:00-05:00,18.50420378876765,18.692254159125394,18.36003175845371,18.516740798950195,1683100,0.0,0.0
2010-11-10 00:00:00-05:00,18.5230088856235,18.5230088856235,18.272274649427988,18.416446685791016,1805200,0.0,0.0
2010-11-11 00:00:00-05:00,18.322422958399038,18.460327696004736,18.253471785191433,18.3537654876709,1873900,0.0,0.0
2010-11-12 00:00:00-05:00,18.30988689319963,18.39764478410214,18.197057368774065,18.360034942626953,2077400,0.0,0.0
2010-11-15 00:00:00-05:00,18.42270516725924,18.68597627091619,18.42270516725924,18.548072814941406,1982600,0.0,0.0
2010-11-16 00:00:00-05:00,18.485399798253543,18.491668303861868,18.203324219450053,18.366300582885742,1996100,0.0,0.0
2010-11-17 00:00:00-05:00,18.366300370744153,18.485399584736285,18.159444470439492,18.32242202758789,1461400,0.0,0.0
2010-11-18 00:00:00-05:00,18.47286488290544,18.535548750505402,18.36003535593991,18.447792053222656,1382100,0.0,0.0
2010-11-19 00:00:00-05:00,18.403913101062965,18.49166979546791,18.17198315722737,18.29108238220215,1914600,0.0,0.0
2010-11-22 00:00:00-05:00,18.29107804747175,18.41644455325509,18.190784364607072,18.385103225708008,1478200,0.0,0.0
2010-11-23 00:00:00-05:00,18.22839236996646,18.23466087396666,18.11556168915263,18.203319549560547,1542500,0.0,0.0
2010-11-24 00:00:00-05:00,18.31614903477949,18.33495454678009,18.171977029559546,18.203319549560547,1569700,0.0,0.0
2010-11-26 00:00:00-05:00,18.052885239316172,18.23466834299677,18.034080915208094,18.121837615966797,787800,0.0,0.0
2010-11-29 00:00:00-05:00,18.015273089693483,18.096762469049757,17.827222699109395,18.021541595458984,2496000,0.0,0.0
2010-11-30 00:00:00-05:00,17.914970860792096,18.159436491300482,17.883629542478847,18.002727508544922,9137800,0.0,0.0
2010-12-01 00:00:00-05:00,18.165708018622713,18.39136937395301,18.12182968744068,18.297344207763672,5473500,0.0,0.0
2010-12-02 00:00:00-05:00,18.291077842645308,18.322419169841428,18.115563301800062,18.316150665283203,5274700,0.0,0.0
2010-12-03 00:00:00-05:00,18.278543684431625,18.360033060803413,18.190786998119098,18.32242202758789,1519500,0.0,0.0
2010-12-06 00:00:00-05:00,18.37641075000855,18.37641075000855,18.147737434547487,18.211257934570312,1912600,0.385,0.0
2010-12-07 00:00:00-05:00,18.293834972620882,18.376411991696084,17.99529017735964,18.046106338500977,1834400,0.0,0.0
2010-12-08 00:00:00-05:00,18.033404486807505,18.141388995596,17.950828667876547,17.99529266357422,1489200,0.0,0.0
2010-12-09 00:00:00-05:00,17.976235642044816,18.10327666466365,17.919067303021638,17.982587814331055,1696600,0.0,0.0
2010-12-10 00:00:00-05:00,17.931773378195967,18.128687103414666,17.925421205296676,18.109630584716797,1354900,0.0,0.0
2010-12-13 00:00:00-05:00,18.192202894653086,18.23031592468557,18.06516309587007,18.135034561157227,1095000,0.0,0.0
2010-12-14 00:00:00-05:00,18.084215798030897,18.357353082876926,18.084215798030897,18.312889099121094,1562100,0.0,0.0
2010-12-15 00:00:00-05:00,18.23666824996524,18.312893104183384,17.995291766121547,18.020700454711914,1543200,0.0,0.0
2010-12-16 00:00:00-05:00,17.87460431043567,18.027052819191162,17.563355120282417,18.007997512817383,2881900,0.0,0.0
2010-12-17 00:00:00-05:00,18.014353105759554,18.058817111144613,17.79203186728099,18.03976058959961,1975000,0.0,0.0
2010-12-20 00:00:00-05:00,18.020696898375043,18.071513053974382,17.83648757710698,17.938119888305664,1652500,0.0,0.0
2010-12-21 00:00:00-05:00,17.988934894661575,18.00163923563796,17.734854132897105,17.86824607849121,1837900,0.0,0.0
2010-12-22 00:00:00-05:00,17.87460021281466,18.04610520018072,17.842840568436994,17.976232528686523,1357600,0.0,0.0
2010-12-23 00:00:00-05:00,17.925415860701854,18.00164070121324,17.823783547721828,17.969881057739258,1198800,0.0,0.0
2010-12-27 00:00:00-05:00,17.92542388343616,18.109633290378003,17.861904568059384,18.03976058959961,938100,0.0,0.0
2010-12-28 00:00:00-05:00,18.03340281542954,18.128684182011384,17.9635313479032,18.084218978881836,851600,0.0,0.0
2010-12-29 00:00:00-05:00,18.103273789943657,18.109625961221198,17.900009155273438,17.900009155273438,1146200,0.0,0.0
2010-12-30 00:00:00-05:00,17.86190193205939,17.9254212380622,17.80473358741438,17.830141067504883,953300,0.0,0.0
2010-12-31 00:00:00-05:00,17.842838226899833,18.020695362111574,17.817429545489894,17.90635871887207,1073500,0.0,0.0
2011-01-03 00:00:00-05:00,17.99529133837006,18.00164351036666,17.86189936110026,17.944475173950195,1160000,0.0,0.0
2011-01-04 00:00:00-05:00,17.98893192946901,18.09691638686345,17.830131328097917,18.07785987854004,1859300,0.0,0.0
2011-01-05 00:00:00-05:00,18.027056241902944,18.12233763807467,17.982592236517885,18.03976058959961,2065600,0.0,0.0
2011-01-06 00:00:00-05:00,18.04610468669791,18.058809028708595,17.874599704211843,17.969881057739258,1327800,0.0,0.0
2011-01-07 00:00:00-05:00,17.969881057739258,18.027048173681877,17.830135718727174,17.969881057739258,1891900,0.0,0.0
2011-01-10 00:00:00-05:00,17.90001121666044,17.912715560678574,17.734858379083487,17.77297019958496,1644600,0.0,0.0
2011-01-11 00:00:00-05:00,17.792023025353476,18.027047283177723,17.722150359299018,17.988935470581055,1670500,0.0,0.0
2011-01-12 00:00:00-05:00,18.052461624145508,18.128686484782758,17.976236763508254,18.052461624145508,1827600,0.0,0.0
2011-01-13 00:00:00-05:00,18.046108288198063,18.058812632744182,17.79837962731361,17.874603271484375,1214300,0.0,0.0
2011-01-14 00:00:00-05:00,17.817429545489894,17.938118359081884,17.798374245985052,17.90635871887207,1295700,0.0,0.0
2011-01-18 00:00:00-05:00,17.823788449344104,18.058813994963955,17.817436276591884,18.033405303955078,1172000,0.0,0.0
2011-01-19 00:00:00-05:00,18.0397516885536,18.103272184141826,17.988935534393555,18.096920013427734,1268800,0.0,0.0
2011-01-20 00:00:00-05:00,18.03975507418384,18.43358125150045,18.03975507418384,18.300188064575195,1846000,0.0,0.0
2011-01-21 00:00:00-05:00,18.389117924470245,18.401821057189032,18.128684924664324,18.18585205078125,1231900,0.0,0.0
2011-01-24 00:00:00-05:00,18.21761706495815,18.50345760692438,18.21761706495815,18.43358612060547,3212400,0.0,0.0
2011-01-25 00:00:00-05:00,18.357361249149204,18.5098097805085,18.319249419197686,18.43358612060547,1118700,0.0,0.0
2011-01-26 00:00:00-05:00,18.363714112016122,18.38912280730634,18.230322096402322,18.319250106811523,1082400,0.0,0.0
2011-01-27 00:00:00-05:00,18.344649937915907,18.503450582574835,18.262074135776487,18.490747451782227,903300,0.0,0.0
2011-01-28 00:00:00-05:00,18.465346545011737,18.497107414253406,18.033408415751275,18.03976058959961,1392500,0.0,0.0
2011-01-31 00:00:00-05:00,18.128684958115056,18.160444607300057,18.01434828256432,18.020700454711914,981900,0.0,0.0
2011-02-01 00:00:00-05:00,18.103279635719687,18.243023814292414,18.027054767327996,18.223968505859375,1173000,0.0,0.0
2011-02-02 00:00:00-05:00,18.198555649537724,18.230316508915973,18.04610715918084,18.084218978881836,1067300,0.0,0.0
2011-02-03 00:00:00-05:00,18.033395904004525,18.109620725745724,17.925411446610084,18.07785987854004,1068600,0.0,0.0
2011-02-04 00:00:00-05:00,18.0206995186008,18.077866641853582,17.804730523013333,17.93177032470703,945900,0.0,0.0
2011-02-07 00:00:00-05:00,17.95717991165468,18.18585205078125,17.9317712231112,18.18585205078125,1571300,0.0,0.0
2011-02-08 00:00:00-05:00,18.166793948020164,18.21761010572787,18.077864763367103,18.211257934570312,1243600,0.0,0.0
2011-02-09 00:00:00-05:00,18.17314910888672,18.217613102751745,18.09692425400884,18.17314910888672,1505800,0.0,0.0
2011-02-10 00:00:00-05:00,18.12868143583531,18.243016877618487,18.109624923095087,18.217609405517578,1155200,0.0,0.0
2011-02-11 00:00:00-05:00,18.19220154544145,18.37005870441046,18.166794072190317,18.255722045898438,1071900,0.0,0.0
2011-02-14 00:00:00-05:00,18.22396508359647,18.30018872612101,18.135035885247238,18.18585205078125,1137200,0.0,0.0
2011-02-15 00:00:00-05:00,18.166795079532815,18.281131744384766,18.16044290797961,18.281131744384766,1022800,0.0,0.0
2011-02-16 00:00:00-05:00,18.35735963457329,18.35735963457329,18.204911116622217,18.35100746154785,1063600,0.0,0.0
2011-02-17 00:00:00-05:00,18.281131237896023,18.351002699939734,18.23031507843114,18.2684268951416,1323400,0.0,0.0
2011-02-18 00:00:00-05:00,18.28748815439975,18.35100746154785,18.22396763569852,18.35100746154785,1537900,0.0,0.0
2011-02-22 00:00:00-05:00,18.173146294214472,18.34465007090936,17.550646841858434,17.5760555267334,5984500,0.0,0.0
2011-02-23 00:00:00-05:00,17.59511258578943,17.753913236521996,17.239398255830455,17.245750427246094,5193700,0.0,0.0
2011-02-24 00:00:00-05:00,17.296573030830658,17.372797904662992,17.201292847205192,17.239404678344727,4383800,0.0,0.0
2011-02-25 00:00:00-05:00,17.277509309920276,17.499829226297795,17.213988814575554,17.48077392578125,2061700,0.0,0.0
2011-02-28 00:00:00-05:00,17.499834242522873,17.811084637774854,17.46807459152313,17.76026725769043,2101500,0.0,0.0
2011-03-01 00:00:00-05:00,17.77296915982563,17.77296915982563,17.442663503995366,17.474424362182617,2024200,0.0,0.0
2011-03-02 00:00:00-05:00,17.48712983511982,17.56335347658753,17.39820063800358,17.54429817199707,3454200,0.0,0.0
2011-03-03 00:00:00-05:00,17.671342966386234,17.86825550923876,17.620526787212896,17.82379150390625,2581300,0.0,0.0
2011-03-04 00:00:00-05:00,17.779319831126404,17.836488159486358,17.5252390448337,17.71579933166504,2277300,0.0,0.0
2011-03-07 00:00:00-05:00,17.744786276826833,17.841401343673677,17.641731352134364,17.661054611206055,1606100,0.385,0.0
2011-03-08 00:00:00-05:00,17.622411968441156,18.047513903775325,17.622411968441156,18.034631729125977,1892300,0.0,0.0
2011-03-09 00:00:00-05:00,17.983098373901793,18.337349461244326,17.84139818466706,18.305145263671875,2591700,0.0,0.0
2011-03-10 00:00:00-05:00,18.124796616197873,18.247174765148017,17.81563193007134,17.828514099121094,2367100,0.0,0.0
2011-03-11 00:00:00-05:00,17.90580604745165,17.950893642628525,17.686814070637972,17.860719680786133,1664100,0.0,0.0
2011-03-14 00:00:00-04:00,17.712581126964135,17.731904385003162,17.512912374607044,17.577322006225586,3809700,0.0,0.0
2011-03-15 00:00:00-04:00,17.23595147636354,17.43562022475595,17.23595147636354,17.332565307617188,2754500,0.0,0.0
2011-03-16 00:00:00-04:00,17.27459393760446,17.40341317721306,17.04271979771351,17.255271911621094,3290700,0.0,0.0
2011-03-17 00:00:00-04:00,17.480704147243536,17.480704147243536,17.177980524143855,17.36476707458496,1890700,0.0,0.0
2011-03-18 00:00:00-04:00,17.538678162509953,17.68681947784676,17.390536847173145,17.448505401611328,2229300,0.0,0.0
2011-03-21 00:00:00-04:00,17.648170131350234,17.873603210336043,17.603083761255363,17.71902084350586,1444000,0.0,0.0
2011-03-22 00:00:00-04:00,17.69325377289946,17.751222305085154,17.51934940485363,17.525789260864258,1427300,0.0,0.0
2011-03-23 00:00:00-04:00,17.487149460248094,17.64817293820344,17.43562199644285,17.62240982055664,1373700,0.0,0.0
2011-03-24 00:00:00-04:00,17.68037883574436,17.822079057806377,17.564441732006493,17.75122833251953,1143600,0.0,0.0
2011-03-25 00:00:00-04:00,17.764106719491302,17.886484883853033,17.7383436066586,17.757665634155273,900600,0.0,0.0
2011-03-28 00:00:00-04:00,17.841399011271545,17.925130665946103,17.71902084350586,17.71902084350586,1066000,0.0,0.0
2011-03-29 00:00:00-04:00,17.69970344129959,17.970222979857088,17.648175968646346,17.931577682495117,1366400,0.0,0.0
2011-03-30 00:00:00-04:00,17.976658107409722,18.272941898318,17.96377593638948,18.195650100708008,1825900,0.0,0.0
2011-03-31 00:00:00-04:00,18.214976087725375,18.27938449545872,18.066833555808444,18.079715728759766,1918500,0.0,0.0
2011-04-01 00:00:00-04:00,18.137678178385947,18.26649740755085,18.066827479494126,18.144119262695312,1715300,0.0,0.0
2011-04-04 00:00:00-04:00,18.22141348880641,18.35667259190339,18.124798439724128,18.279380798339844,1952800,0.0,0.0
2011-04-05 00:00:00-04:00,18.221415450846326,18.36311565437417,18.221415450846326,18.292264938354492,961900,0.0,0.0
2011-04-06 00:00:00-04:00,18.34379271281858,18.54346269258477,18.28582416753311,18.530580520629883,1129300,0.0,0.0
2011-04-07 00:00:00-04:00,18.459733574572823,18.537025393580763,18.35023754761012,18.52414321899414,1436100,0.0,0.0
2011-04-08 00:00:00-04:00,18.601435021049713,18.601435021049713,18.214979586374547,18.337356567382812,1135800,0.0,0.0
2011-04-11 00:00:00-04:00,18.330910179433797,18.408201981127643,18.06039194478411,18.111919403076172,1175300,0.0,0.0
2011-04-12 00:00:00-04:00,18.04751248605313,18.260063437023273,18.015307051959656,18.169889450073242,1248300,0.0,0.0
2011-04-13 00:00:00-04:00,18.19565103147458,18.363115577769708,18.086155029224358,18.105478286743164,1342400,0.0,0.0
2011-04-14 00:00:00-04:00,18.0024224494502,18.202091186218126,17.970217021899604,18.195650100708008,911300,0.0,0.0
2011-04-15 00:00:00-04:00,18.247182140629405,18.614315507363283,18.202095759242685,18.569229125976562,1875800,0.0,0.0
2011-04-18 00:00:00-04:00,18.369556740240643,18.530580201367904,18.253619651667172,18.292264938354492,1567700,0.0,0.0
2011-04-19 00:00:00-04:00,18.292264019197944,18.30514619028358,18.13124056616185,18.21497344970703,3056900,0.0,0.0
2011-04-20 00:00:00-04:00,18.376002340967286,18.537025841656938,18.343796903722264,18.47261619567871,1292900,0.0,0.0
2011-04-21 00:00:00-04:00,18.504818022072964,18.537023455171806,18.433968526278825,18.5177001953125,687900,0.0,0.0
2011-04-25 00:00:00-04:00,18.485494492706625,18.569226154954894,18.45328906221763,18.45973014831543,785000,0.0,0.0
2011-04-26 00:00:00-04:00,18.537026317241487,18.627199086817377,18.51770305439872,18.60787582397461,1100000,0.0,0.0
2011-04-27 00:00:00-04:00,18.588550068838174,18.743132455102554,18.56278572353831,18.627195358276367,2043000,0.0,0.0
2011-04-28 00:00:00-04:00,18.607874192120807,18.871952618587194,18.58855215948437,18.846189498901367,1182600,0.0,0.0
2011-04-29 00:00:00-04:00,18.865510321946775,18.90415561073703,18.717367795979577,18.87839126586914,1071900,0.0,0.0
2011-05-02 00:00:00-04:00,18.92991806546489,19.03941407030321,18.8848316920335,19.026533126831055,1596200,0.0,0.0
2011-05-03 00:00:00-04:00,19.045856445925054,19.277730643286016,18.92347826081659,19.03941535949707,1938800,0.0,0.0
2011-05-04 00:00:00-04:00,18.98788765570223,19.02009308743359,18.678722882150794,18.813982009887695,4001700,0.0,0.0
2011-05-05 00:00:00-04:00,18.839746171383865,18.839746171383865,18.479053939094463,18.601430892944336,1844400,0.0,0.0
2011-05-06 00:00:00-04:00,18.756015688656753,18.83974735859426,18.65295953013969,18.736692428588867,1262400,0.0,0.0
2011-05-09 00:00:00-04:00,18.730252272462536,18.85907155562516,18.67228371789053,18.820425033569336,1036700,0.0,0.0
2011-05-10 00:00:00-04:00,18.910596017153775,19.251964974800668,18.852627471796467,19.19399642944336,1900500,0.0,0.0
2011-05-11 00:00:00-04:00,19.12314695968568,19.174674419108918,18.91059603600089,19.026533126831055,1558000,0.0,0.0
2011-05-12 00:00:00-04:00,18.95568053746601,19.226199979850765,18.94279836675449,19.200435638427734,1532400,0.0,0.0
2011-05-13 00:00:00-04:00,19.193999371502624,19.245526838772644,18.96856747001611,19.123149871826172,1199600,0.0,0.0
2011-05-16 00:00:00-04:00,19.097382254670432,19.412988091234972,19.084500082930283,19.264846801757812,2272300,0.0,0.0
2011-05-17 00:00:00-04:00,19.168235278097168,19.387227309994692,19.168235278097168,19.206880569458008,1748500,0.0,0.0
2011-05-18 00:00:00-04:00,19.251964430673222,19.251964430673222,18.962122940590138,19.052295684814453,2636600,0.0,0.0
2011-05-19 00:00:00-04:00,19.142471283907543,19.161794544199516,18.994329973870823,19.136030197143555,1632800,0.0,0.0
2011-05-20 00:00:00-04:00,19.136025313531785,19.412985831143196,19.03297040863145,19.335695266723633,2529700,0.0,0.0
2011-05-23 00:00:00-04:00,19.10382153703557,19.239081870514784,18.962121346805755,18.97500228881836,1350200,0.0,0.0
2011-05-24 00:00:00-04:00,18.975006133281624,19.161793958189907,18.897715551500827,18.981447219848633,1474600,0.0,0.0
2011-05-25 00:00:00-04:00,18.859066655292274,19.090939584818795,18.743129576273308,19.020090103149414,1601200,0.0,0.0
2011-05-26 00:00:00-04:00,18.949250362626294,19.194005604512117,18.87195852236586,19.07806968688965,2045400,0.0,0.0
2011-05-27 00:00:00-04:00,19.181118426068913,19.245526838772644,19.084503349989863,19.123149871826172,1007900,0.0,0.0
2011-05-31 00:00:00-04:00,19.219763096563742,19.27129056216398,19.05229852623505,19.136030197143555,2414400,0.0,0.0
2011-06-01 00:00:00-04:00,19.123148072868023,19.155352276190367,18.801101125598155,18.82686424255371,2150200,0.0,0.0
2011-06-02 00:00:00-04:00,18.917044141140103,18.917044141140103,18.678728785061285,18.865516662597656,2233800,0.0,0.0
2011-06-03 00:00:00-04:00,18.730249374586982,18.8526275518064,18.665839742970896,18.72380828857422,1653100,0.0,0.0
2011-06-06 00:00:00-04:00,18.766238094632588,18.844567288392923,18.563889441168808,18.700963973999023,1450200,0.385,0.0
2011-06-07 00:00:00-04:00,18.753185998409247,18.9555359289946,18.753185998409247,18.7662410736084,1583300,0.0,0.0
2011-06-08 00:00:00-04:00,18.759712608421207,18.870678252126222,18.681384651100277,18.720548629760742,2160600,0.0,0.0
2011-06-09 00:00:00-04:00,18.72054662547701,18.733601698632924,18.58999838391847,18.609580993652344,1746200,0.0,0.0
2011-06-10 00:00:00-04:00,18.589995187051972,18.62916039978459,18.49861218067604,18.511667251586914,1051100,0.0,0.0
2011-06-13 00:00:00-04:00,18.55736298536603,18.69443752617932,18.439869810383,18.57694435119629,1354100,0.0,0.0
2011-06-14 00:00:00-04:00,18.71401947686602,18.71401947686602,18.47903313518919,18.570417404174805,1308100,0.0,0.0
2011-06-15 00:00:00-04:00,18.472508381265236,18.590001569803402,18.23752324918942,18.31585121154785,1762900,0.0,0.0
2011-06-16 00:00:00-04:00,18.283208024069495,18.46597527715732,18.24404405733641,18.348482131958008,1841000,0.0,0.0
2011-06-17 00:00:00-04:00,18.45292205867217,18.57694150660793,18.394175480176205,18.53125,2019800,0.0,0.0
2011-06-20 00:00:00-04:00,18.498610299032205,18.81192449902288,18.413753591743088,18.792343139648438,3063300,0.0,0.0
2011-06-21 00:00:00-04:00,18.83804071566611,18.994697866201754,18.733602615309017,18.844568252563477,1280400,0.0,0.0
2011-06-22 00:00:00-04:00,18.733597122213823,18.831507656964067,18.57693877261343,18.596521377563477,1338900,0.0,0.0
2011-06-23 00:00:00-04:00,18.37458993832125,18.42028143763324,18.133077371957867,18.283206939697266,1823200,0.0,0.0
2011-06-24 00:00:00-04:00,18.315841954030113,18.49208164775917,18.28973306144056,18.44639015197754,2038600,0.0,0.0
2011-06-27 00:00:00-04:00,18.472506523142656,18.68138397342234,18.46598023110302,18.61610984802246,1493400,0.0,0.0
2011-06-28 00:00:00-04:00,18.6356856982167,18.71401487451219,18.596521732568963,18.648740768432617,1322300,0.0,0.0
2011-06-29 00:00:00-04:00,18.733591665772536,18.75970055310133,18.609571027211775,18.72706413269043,1456200,0.0,0.0
2011-06-30 00:00:00-04:00,18.857620032742723,18.857620032742723,18.66179892709647,18.824983596801758,1302300,0.0,0.0
2011-07-01 00:00:00-04:00,18.87066912970055,19.08607277570371,18.805395033487503,19.066490173339844,875900,0.0,0.0
2011-07-05 00:00:00-04:00,19.001225494824993,19.0926085218285,18.838040806604237,18.955533981323242,1312600,0.0,0.0
2011-07-06 00:00:00-04:00,18.929421789337585,19.020804806472245,18.870675208322382,18.935949325561523,884800,0.0,0.0
2011-07-07 00:00:00-04:00,19.066500100724934,19.066500100724934,18.90984293524659,19.02733612060547,737400,0.0,0.0
2011-07-08 00:00:00-04:00,18.929423833607743,18.988170420967244,18.792349293102486,18.955533981323242,999400,0.0,0.0
2011-07-11 00:00:00-04:00,18.76623701549836,18.805400987626292,18.616107418174426,18.63568878173828,1123900,0.0,0.0
2011-07-12 00:00:00-04:00,18.550835317183925,18.93595127912584,18.550835317183925,18.844568252563477,1659400,0.0,0.0
2011-07-13 00:00:00-04:00,18.88373420427578,19.001227390717943,18.77929609299396,18.857624053955078,2083600,0.0,0.0
2011-07-14 00:00:00-04:00,18.86414742864572,18.955531689601244,18.785819484969803,18.805400848388672,1400500,0.0,0.0
2011-07-15 00:00:00-04:00,18.818455920668065,18.896785109344197,18.727072904712756,18.805400848388672,1130400,0.0,0.0
2011-07-18 00:00:00-04:00,18.779289980259353,18.798871341625574,18.472502038854298,18.511667251586914,1445300,0.0,0.0
2011-07-19 00:00:00-04:00,18.557352007554552,18.766228086183435,18.446386435158004,18.72706413269043,1583300,0.0,0.0
2011-07-20 00:00:00-04:00,18.72706581989761,18.896777960323632,18.629155304844073,18.785812377929688,975300,0.0,0.0
2011-07-21 00:00:00-04:00,18.896781633427967,19.242732270195393,18.89025409848896,19.229677200317383,1428500,0.0,0.0
2011-07-22 00:00:00-04:00,19.25579325458854,19.25579325458854,19.07302595515841,19.157882690429688,1269600,0.0,0.0
2011-07-25 00:00:00-04:00,19.17093577909832,19.614797040321704,18.968585889790333,19.52994155883789,3300500,0.0,0.0
2011-07-26 00:00:00-04:00,19.56257286555202,19.653957104341664,19.41244330575464,19.432025909423828,1963100,0.0,0.0
2011-07-27 00:00:00-04:00,19.386334412528967,19.438553443980226,19.288422639182926,19.432025909423828,1749200,0.0,0.0
2011-07-28 00:00:00-04:00,19.37981396652328,19.39939533235483,19.11871871376622,19.157882690429688,1936800,0.0,0.0
2011-07-29 00:00:00-04:00,18.988167530662135,19.04691410907946,18.785818896669223,18.811927795410156,2034800,0.0,0.0
2011-08-01 00:00:00-04:00,18.994696358054835,19.053442940466365,18.759710028408712,18.909839630126953,1875900,0.0,0.0
2011-08-02 00:00:00-04:00,18.831506931890452,18.87067089528261,18.492082595825195,18.492082595825195,2264700,0.0,0.0
2011-08-03 00:00:00-04:00,18.511669329166455,18.65527139030236,18.244046570458497,18.63568878173828,1915400,0.0,0.0
2011-08-04 00:00:00-04:00,18.302798670294795,18.511674911296634,17.59131319625691,17.617422103881836,2829700,0.0,0.0
2011-08-05 00:00:00-04:00,17.852399136909426,18.276678934605638,17.669631899363388,18.02863883972168,4640200,0.0,0.0
2011-08-08 00:00:00-04:00,17.780604380982723,17.950316614740316,16.853715255076114,16.95162582397461,4560000,0.0,0.0
2011-08-09 00:00:00-04:00,17.206196081420444,17.774078170419983,16.677476728902977,17.74144172668457,5321300,0.0,0.0
2011-08-10 00:00:00-04:00,17.480346526647477,17.734914275020813,17.101758050476647,17.25841522216797,3662900,0.0,0.0
2011-08-11 00:00:00-04:00,17.36937767621184,18.348485752751397,17.251884507827047,18.126554489135742,2597800,0.0,0.0
2011-08-12 00:00:00-04:00,18.1918302116801,18.30932214540966,17.76754901182179,17.885042190551758,1864800,0.0,0.0
2011-08-15 00:00:00-04:00,18.002531263515476,18.50514030456543,17.98947619218947,18.50514030456543,2081400,0.0,0.0
2011-08-16 00:00:00-04:00,18.381121095406375,18.70096289861832,18.26362793402235,18.63568878173828,2257200,0.0,0.0
2011-08-17 00:00:00-04:00,18.74012415380701,19.007748118715128,18.700960187357058,18.890254974365234,2212800,0.0,0.0
2011-08-18 00:00:00-04:00,18.51819476113183,18.700960773627965,18.309317361850397,18.603050231933594,3231800,0.0,0.0
2011-08-19 00:00:00-04:00,18.413758152613692,18.70096352957584,18.407231861205698,18.537778854370117,2923400,0.0,0.0
2011-08-22 00:00:00-04:00,18.805402657107948,18.85109416948025,18.322376141314514,18.400705337524414,2128400,0.0,0.0
2011-08-23 00:00:00-04:00,18.43986472353978,18.851089477539062,18.315844045825703,18.851089477539062,3124100,0.0,0.0
2011-08-24 00:00:00-04:00,18.81845819352606,19.268848281560604,18.74665653231755,19.249265670776367,1883400,0.0,0.0
2011-08-25 00:00:00-04:00,19.32106822860078,19.32106822860078,18.85762304520338,19.092609405517578,5419300,0.0,0.0
2011-08-26 00:00:00-04:00,18.9751160249552,19.15788333049155,18.55736360658686,19.059972763061523,5442300,0.0,0.0
2011-08-29 00:00:00-04:00,19.28843029878675,19.542999267578125,19.22315741730218,19.542999267578125,3384100,0.0,0.0
2011-08-30 00:00:00-04:00,19.516885999502342,19.569105043343814,19.353701331872724,19.458139419555664,2826400,0.0,0.0
2011-08-31 00:00:00-04:00,19.556052549729895,19.797566437467047,19.464669522207913,19.751874923706055,3019700,0.0,0.0
2011-09-01 00:00:00-04:00,19.90852374540373,19.90852374540373,19.46466137745377,19.47771644592285,2655500,0.0,0.0
2011-09-02 00:00:00-04:00,19.334125841567456,19.458145330238462,19.216632645983903,19.288433074951172,2069800,0.0,0.0
2011-09-06 00:00:00-04:00,18.835397129350888,19.17930216049029,18.729580390759537,19.166074752807617,2130400,0.385,0.0
2011-09-07 00:00:00-04:00,19.371100347429028,19.503370671086373,19.199147791382686,19.43723487854004,2489100,0.0,0.0
2011-09-08 00:00:00-04:00,19.351259871128978,19.701778700210543,19.344646165512113,19.523212432861328,1377200,0.0,0.0
2011-09-09 00:00:00-04:00,19.311573264814015,19.31818570706637,18.994121794996182,19.133007049560547,2548400,0.0,0.0
2011-09-12 00:00:00-04:00,19.007354601746957,19.31157875061035,18.934605101955317,19.31157875061035,1586400,0.0,0.0
2011-09-13 00:00:00-04:00,19.304959370454952,19.483524322509766,19.146234267831233,19.483524322509766,1998400,0.0,0.0
2011-09-14 00:00:00-04:00,19.543044707851994,19.695157355167133,19.271889189914173,19.53643226623535,2312100,0.0,0.0
2011-09-15 00:00:00-04:00,19.655478257329502,19.92002137564911,19.549661514575686,19.84065818786621,1931300,0.0,0.0
2011-09-16 00:00:00-04:00,19.91340938491376,20.177951264559695,19.873727156890478,20.11842918395996,2208300,0.0,0.0
2011-09-19 00:00:00-04:00,19.853885475972586,20.184563110436745,19.840658067849603,20.131654739379883,1544500,0.0,0.0
2011-09-20 00:00:00-04:00,20.151493943046795,20.793009340626075,20.151493943046795,20.44910430908203,2030400,0.0,0.0
2011-09-21 00:00:00-04:00,20.475563344155514,20.67397072843577,20.111818365128094,20.125045776367188,1960100,0.0,0.0
2011-09-22 00:00:00-04:00,19.675320598435448,19.774523643283388,19.42400613405833,19.6687068939209,2509800,0.0,0.0
2011-09-23 00:00:00-04:00,19.648867951877836,20.085363668031494,19.62241439233127,19.992773056030273,1993600,0.0,0.0
2011-09-26 00:00:00-04:00,20.184562945744556,20.257311166957248,19.99938301783894,20.09197235107422,4410400,0.0,0.0
2011-09-27 00:00:00-04:00,20.449109285995114,20.462336696912644,19.99277370082294,20.078750610351562,2483200,0.0,0.0
2011-09-28 00:00:00-04:00,20.158106050077198,20.323444848902835,19.82081474910071,19.893564224243164,2328500,0.0,0.0
2011-09-29 00:00:00-04:00,20.18456682926166,20.3168371505559,19.853889133873107,20.019227981567383,3191200,0.0,0.0
2011-09-30 00:00:00-04:00,20.052290093936936,20.118425868307593,19.681931523470215,19.68854522705078,3893000,0.0,0.0
2011-10-03 00:00:00-04:00,19.582734216098103,19.77452663024991,19.179307009818473,19.18592071533203,2998500,0.0,0.0
2011-10-04 00:00:00-04:00,19.01396500228296,19.14623656774246,18.504721115129556,18.94121551513672,3995800,0.0,0.0
2011-10-05 00:00:00-04:00,18.947829392700676,19.086714663845814,18.729582190702725,19.06687355041504,2215200,0.0,0.0
2011-10-06 00:00:00-04:00,19.007349462955002,19.357868194580078,18.95444109416584,19.357868194580078,1894300,0.0,0.0
2011-10-07 00:00:00-04:00,19.344648361206055,19.61580401509786,19.271898852598568,19.344648361206055,2066300,0.0,0.0
2011-10-10 00:00:00-04:00,19.589343793023176,19.853885650634766,19.556275272424802,19.853885650634766,1200900,0.0,0.0
2011-10-11 00:00:00-04:00,19.781142168828755,19.787755874955185,19.470305549499198,19.675325393676758,1336400,0.0,0.0
2011-10-12 00:00:00-04:00,19.748067297840876,19.82081551435712,19.609182045518995,19.68854522705078,1110900,0.0,0.0
2011-10-13 00:00:00-04:00,19.589348908390058,19.820822305847923,19.476918431866775,19.794368743896484,1151600,0.0,0.0
2011-10-14 00:00:00-04:00,19.906792643668467,20.3102184755519,19.827429461163124,20.303606033325195,2048600,0.0,0.0
2011-10-17 00:00:00-04:00,20.204408107123967,20.36313452215626,20.0919776323134,20.144886016845703,1635100,0.0,0.0
2011-10-18 00:00:00-04:00,20.138267722687786,20.488785195356243,19.979541353762983,20.34990119934082,1430900,0.0,0.0
2011-10-19 00:00:00-04:00,20.37635309625669,20.64089492056118,20.22424170496097,20.257308959960938,1503500,0.0,0.0
2011-10-20 00:00:00-04:00,20.310221427564244,20.482173963455963,20.244086904204885,20.409425735473633,1512500,0.0,0.0
2011-10-21 00:00:00-04:00,20.65413125878847,21.004650115966797,20.601222871047916,21.004650115966797,2128100,0.0,0.0
2011-10-24 00:00:00-04:00,20.978193435553525,21.143532290295568,20.93189875805541,21.103851318359375,1714500,0.0,0.0
2011-10-25 00:00:00-04:00,20.998029022590117,21.097232057024012,20.753327026980493,20.82607650756836,2257000,0.0,0.0
2011-10-26 00:00:00-04:00,21.031095320995735,21.123685908821187,20.72025882423126,20.746713638305664,2181500,0.0,0.0
2011-10-27 00:00:00-04:00,21.16337365816223,21.513891227056906,21.044329479505407,21.34193992614746,2509400,0.0,0.0
2011-10-28 00:00:00-04:00,21.474209437630208,21.494049291195832,21.037713737657803,21.302255630493164,1659800,0.0,0.0
2011-10-31 00:00:00-04:00,21.176599782435545,21.315483808137582,21.064169316252105,21.084009170532227,1242900,0.0,0.0
2011-11-01 00:00:00-04:00,20.607831230659784,20.826078431146527,20.35651676945253,20.422651290893555,2860000,0.0,0.0
2011-11-02 00:00:00-04:00,20.687194578134292,21.123688982393766,20.687194578134292,20.951736450195312,2064000,0.0,0.0
2011-11-03 00:00:00-04:00,21.16998404366092,21.355165260713722,21.077395958005017,21.13030433654785,2855300,0.0,0.0
2011-11-04 00:00:00-04:00,21.500658106583376,22.148788472889084,21.13030078054591,21.355161666870117,2537300,0.0,0.0
2011-11-07 00:00:00-05:00,21.27579180017181,21.745355826284804,21.222884705446194,21.725513458251953,1878500,0.0,0.0
2011-11-08 00:00:00-05:00,21.818113888715235,22.076042068980623,21.619705267399933,22.04958724975586,1893400,0.0,0.0
2011-11-09 00:00:00-05:00,21.685844961088822,22.062817350985053,21.613095460780652,21.7453670501709,2883500,0.0,0.0
2011-11-10 00:00:00-05:00,21.950384362173,21.963611772642935,21.381620849189368,21.586639404296875,2595400,0.0,0.0
2011-11-11 00:00:00-05:00,21.798272857297412,21.92393199493001,21.65277638832838,21.818115234375,1646900,0.0,0.0
2011-11-14 00:00:00-05:00,21.692450873907095,21.745360502880974,21.41468289040413,21.46097755432129,1475600,0.0,0.0
2011-11-15 00:00:00-05:00,21.606479258566484,21.68584372138608,21.421300557728582,21.586639404296875,1454500,0.0,0.0
2011-11-16 00:00:00-05:00,21.408066299463158,21.540337838982225,21.289022166182974,21.295637130737305,2045900,0.0,0.0
2011-11-17 00:00:00-05:00,21.30886905533108,21.39484342980926,20.938509170720145,21.150142669677734,2287000,0.0,0.0
2011-11-18 00:00:00-05:00,21.29563959334694,21.487433221684956,21.26918477780996,21.355161666870117,1335100,0.0,0.0
2011-11-21 00:00:00-05:00,21.18982543695816,21.203052846338977,20.905442442446514,21.123689651489258,1482200,0.0,0.0
2011-11-22 00:00:00-05:00,21.12368767259169,21.22289071078396,20.931894038842895,21.024484634399414,2183000,0.0,0.0
2011-11-23 00:00:00-05:00,20.859150163811314,20.95173951722763,20.68719760644149,20.753332138061523,1404700,0.0,0.0
2011-11-25 00:00:00-05:00,20.75994078571884,20.978187966624763,20.753327081881082,20.839303970336914,705800,0.0,0.0
2011-11-28 00:00:00-05:00,21.222888246811923,21.295637721709763,20.94511901526145,21.050935745239258,1659900,0.0,0.0
2011-11-29 00:00:00-05:00,21.156750179626172,21.527108694363132,21.136909071870075,21.494041442871094,2169700,0.0,0.0
2011-11-30 00:00:00-05:00,21.857792591038542,22.373651450753066,21.765203250873714,22.360424041748047,3282700,0.0,0.0
2011-12-01 00:00:00-05:00,22.426559875916276,22.5588314508344,22.247993628207375,22.287675857543945,1877300,0.0,0.0
2011-12-02 00:00:00-05:00,22.380270910340236,22.400110768632675,21.368397771488155,21.474214553833008,4688900,0.0,0.0
2011-12-05 00:00:00-05:00,21.70856562475001,21.802312352722538,21.09253102409633,21.300107955932617,5410800,0.4,0.0
2011-12-06 00:00:00-05:00,21.346983087033163,21.775530678699635,21.33359197258168,21.63491439819336,3537900,0.0,0.0
2011-12-07 00:00:00-05:00,21.460814524408384,21.58804095970543,21.380462734030548,21.507686614990234,2288400,0.0,0.0
2011-12-08 00:00:00-05:00,21.38046869384885,21.480910375572343,21.1795866075709,21.26663589477539,2418600,0.0,0.0
2011-12-09 00:00:00-05:00,21.38046129656093,21.695176073026207,21.34698032184729,21.648303985595703,1975700,0.0,0.0
2011-12-12 00:00:00-05:00,21.494295939952448,21.56795281798557,21.166191279689055,21.353679656982422,1553400,0.0,0.0
2011-12-13 00:00:00-05:00,21.474208037935824,21.81570763498672,21.427335944903348,21.54786491394043,1818600,0.0,0.0
2011-12-14 00:00:00-05:00,21.54116254144916,21.588037178157407,21.186273187969974,21.206361770629883,3601800,0.0,0.0
2011-12-15 00:00:00-05:00,21.494298462290974,21.6282198422179,21.393859343099177,21.420642852783203,2208700,0.0,0.0
2011-12-16 00:00:00-05:00,21.474206495589716,21.614822764587633,21.18627648516313,21.2331485748291,2586100,0.0,0.0
2011-12-19 00:00:00-05:00,21.27332412471385,21.413940382992443,21.018873832826067,21.085834503173828,1671100,0.0,0.0
2011-12-20 00:00:00-05:00,21.300110678137145,21.561257202190017,21.273327172462004,21.487600326538086,1740100,0.0,0.0
2011-12-21 00:00:00-05:00,21.45411912422305,21.902752710953003,21.45411912422305,21.8290958404541,2397000,0.0,0.0
2011-12-22 00:00:00-05:00,21.916139725391545,21.98979657782236,21.81570065289771,21.90944480895996,1185500,0.0,0.0
2011-12-23 00:00:00-05:00,21.99650026605924,22.13042163712644,21.9094535460526,21.983110427856445,1042600,0.0,0.0
2011-12-27 00:00:00-05:00,21.96301605029142,22.264338434711334,21.929536352986354,22.250946044921875,1145400,0.0,0.0
2011-12-28 00:00:00-05:00,22.217469180509298,22.257646355000563,22.076852901296103,22.137117385864258,1085500,0.0,0.0
2011-12-29 00:00:00-05:00,22.177285852815356,22.53217774317789,22.177285852815356,22.492000579833984,1297200,0.0,0.0
2011-12-30 00:00:00-05:00,22.558963360802853,22.558963360802853,22.18398666381836,22.18398666381836,1304100,0.0,0.0
2012-01-03 00:00:00-05:00,22.53217951440996,22.552266820492562,21.869270315977214,21.936229705810547,2192800,0.0,0.0
2012-01-04 00:00:00-05:00,21.95632350928495,22.117027095479905,21.875969161850023,21.92953872680664,1720600,0.0,0.0
2012-01-05 00:00:00-05:00,21.882667529757004,22.07685337916181,21.76213855801178,21.916147232055664,1912900,0.0,0.0
2012-01-06 00:00:00-05:00,21.92953902611219,21.92953902611219,21.460815543694206,21.487600326538086,3126800,0.0,0.0
2012-01-09 00:00:00-05:00,21.641611043777143,21.648308517290467,21.18627990970474,21.480907440185547,2878700,0.0,0.0
2012-01-10 00:00:00-05:00,21.6081286050994,21.882666234640105,21.527776813470688,21.62152099609375,2484900,0.0,0.0
2012-01-11 00:00:00-05:00,21.49429442546197,21.70187265308047,21.49429442546197,21.66169548034668,2153000,0.0,0.0
2012-01-12 00:00:00-05:00,21.782220732419628,21.795613121048767,21.608124788914733,21.654996871948242,1750900,0.0,0.0
2012-01-13 00:00:00-05:00,21.52107755885245,21.668391293255294,21.487597861307403,21.648303985595703,1297100,0.0,0.0
2012-01-17 00:00:00-05:00,21.82909677647321,21.949625741669205,21.621521100898097,21.681785583496094,1062300,0.0,0.0
2012-01-18 00:00:00-05:00,21.628209947081654,21.675082025460924,21.333585089506716,21.500986099243164,1344700,0.0,0.0
2012-01-19 00:00:00-05:00,21.494293189455863,21.534470359879307,21.079139312429223,21.132707595825195,1505300,0.0,0.0
2012-01-20 00:00:00-05:00,21.152795784620913,21.253236154459973,21.032266829946604,21.186275482177734,1404100,0.0,0.0
2012-01-23 00:00:00-05:00,21.22645147555857,21.413939814956628,21.22645147555857,21.313499450683594,1598100,0.0,0.0
2012-01-24 00:00:00-05:00,21.226463423157178,21.239854542674035,20.82470046275886,20.93183708190918,1764800,0.0,0.0
2012-01-25 00:00:00-05:00,20.844778018592407,21.407245644301366,20.690769360335313,21.37376594543457,2084500,0.0,0.0
2012-01-26 00:00:00-05:00,21.38715833584875,21.427334229922632,21.226453482384567,21.37376594543457,2037200,0.0,0.0
2012-01-27 00:00:00-05:00,21.353683325272968,21.373771916506268,21.126017733304877,21.166194915771484,1401200,0.0,0.0
2012-01-30 00:00:00-05:00,21.0858373070556,21.13940559502332,20.93182863879449,21.072444915771484,1372700,0.0,0.0
2012-01-31 00:00:00-05:00,21.119316087064092,21.226452651848234,21.018874440056436,21.186275482177734,2647600,0.0,0.0
2012-02-01 00:00:00-05:00,21.266633497684705,21.42064218578689,21.21976139932046,21.226457595825195,2099600,0.0,0.0
2012-02-02 00:00:00-05:00,21.24654712367745,21.333596410147248,21.08584222231285,21.146106719970703,1132800,0.0,0.0
2012-02-03 00:00:00-05:00,21.29341227431179,21.333589444411263,21.099227727505443,21.273324966430664,1116700,0.0,0.0
2012-02-06 00:00:00-05:00,21.152799619397822,21.186279323024156,21.045663035190955,21.119319915771484,1183500,0.0,0.0
2012-02-07 00:00:00-05:00,21.07244572535377,21.34028845265135,20.911740855276484,21.25993537902832,1045600,0.0,0.0
2012-02-08 00:00:00-05:00,21.30680878086214,21.30680878086214,21.032271117984244,21.192975997924805,899600,0.0,0.0
2012-02-09 00:00:00-05:00,21.19297551918319,21.22645649997835,21.038966839031925,21.119319915771484,872600,0.0,0.0
2012-02-10 00:00:00-05:00,21.01218123718785,21.045662216680867,20.891653542519325,20.965309143066406,1681300,0.0,0.0
2012-02-13 00:00:00-05:00,21.072439465769204,21.099224241410035,20.871558757136565,20.891647338867188,1078300,0.0,0.0
2012-02-14 00:00:00-05:00,20.864869678630615,20.89834938243061,20.68407621290544,20.884958267211914,1507200,0.0,0.0
2012-02-15 00:00:00-05:00,20.898350691127714,21.012183479212506,20.737645803920167,20.8179988861084,1328600,0.0,0.0
2012-02-16 00:00:00-05:00,20.85816921652932,21.300107857582017,20.85816921652932,21.172883987426758,1395300,0.0,0.0
2012-02-17 00:00:00-05:00,21.30680426138404,21.48759769190662,21.18627530770232,21.36037254333496,1472900,0.0,0.0
2012-02-21 00:00:00-05:00,21.427335426106982,21.427335426106982,21.1996698850311,21.24654197692871,1281200,0.0,0.0
2012-02-22 00:00:00-05:00,21.280020260503484,21.48759718855469,21.259931676304248,21.3201961517334,1637300,0.0,0.0
2012-02-23 00:00:00-05:00,21.36707034324468,21.68178514086913,21.32019825266283,21.507686614990234,1714000,0.0,0.0
2012-02-24 00:00:00-05:00,21.574650820706967,21.675089930577943,21.427337061024385,21.588043212890625,835800,0.0,0.0
2012-02-27 00:00:00-05:00,21.42733422159979,21.527775872498456,21.313501457460795,21.407245635986328,4831600,0.0,0.0
2012-02-28 00:00:00-05:00,21.427336648404385,21.487601134901524,21.326896263298746,21.380464553833008,1104100,0.0,0.0
2012-02-29 00:00:00-05:00,21.413940541048902,21.594733969171727,21.239843307727135,21.474205017089844,1731900,0.0,0.0
2012-03-01 00:00:00-05:00,21.46751300576653,21.61482420265875,21.434030750059794,21.521080017089844,1166500,0.0,0.0
2012-03-02 00:00:00-05:00,21.48759870127153,21.554558098979115,21.373765937132536,21.407245635986328,1355200,0.0,0.0
2012-03-05 00:00:00-05:00,21.333592870076423,21.66169753839429,21.206367698669325,21.588043212890625,1368700,0.0,0.0
2012-03-06 00:00:00-05:00,21.48760201007043,21.561258891493306,21.266632642970645,21.434032440185547,1050800,0.0,0.0
2012-03-07 00:00:00-05:00,21.400551244915846,21.42733602799184,21.192974284751926,21.346982955932617,1074900,0.0,0.0
2012-03-08 00:00:00-05:00,21.45412424820493,21.45412424820493,21.19297768005108,21.367074966430664,4433000,0.0,0.0
2012-03-09 00:00:00-05:00,21.400549449094278,21.440726620336807,21.26662937645845,21.37376594543457,1560500,0.0,0.0
2012-03-12 00:00:00-04:00,21.482261849677624,21.855217263624613,21.326298770636253,21.828092575073242,1986000,0.4,0.0
2012-03-13 00:00:00-04:00,21.84843935966169,21.882343930039074,21.63822688451726,21.834877014160156,1559300,0.0,0.0
2012-03-14 00:00:00-04:00,21.848439979146974,21.8687822045996,21.39411044559878,21.4483585357666,1025500,0.0,0.0
2012-03-15 00:00:00-04:00,21.536517683763602,21.583984612434115,21.319525270768793,21.45514488220215,1098000,0.0,0.0
2012-03-16 00:00:00-04:00,21.448359557868805,21.489046597465943,21.285615279609903,21.33308219909668,1793300,0.0,0.0
2012-03-19 00:00:00-04:00,21.36020553940693,21.45513937236827,21.14999435497405,21.18389892578125,1127500,0.0,0.0
2012-03-20 00:00:00-04:00,21.12965473461823,21.461924504658963,21.12965473461823,21.43480110168457,1171800,0.0,0.0
2012-03-21 00:00:00-04:00,21.41445223583564,21.5704153208066,21.41445223583564,21.50938606262207,1044100,0.0,0.0
2012-03-22 00:00:00-04:00,21.40088906386697,21.577195659210382,21.36020332444198,21.543291091918945,966000,0.0,0.0
2012-03-23 00:00:00-04:00,21.583976831343936,21.624662570768926,21.46869949182618,21.543291091918945,884400,0.0,0.0
2012-03-26 00:00:00-04:00,21.6585752775595,21.8348819286322,21.604327176719956,21.821319580078125,1529400,0.0,0.0
2012-03-27 00:00:00-04:00,21.80775661495517,22.017969131469727,21.73994746085546,22.017969131469727,1768700,0.0,0.0
2012-03-28 00:00:00-04:00,21.977275213512577,22.017962245299486,21.550071726760475,21.692472457885742,1293900,0.0,0.0
2012-03-29 00:00:00-04:00,21.583980165367983,21.807753706835683,21.428017062334,21.794191360473633,1482800,0.0,0.0
2012-03-30 00:00:00-04:00,21.88912718728978,22.092559814453125,21.821318036070874,22.092559814453125,1868100,0.0,0.0
2012-04-02 00:00:00-04:00,22.072207940009402,22.17392422105768,21.88234030792194,22.03830337524414,1128500,0.0,0.0
2012-04-03 00:00:00-04:00,22.072213503056652,22.085775849731487,21.76706716975569,21.977279663085938,1290000,0.0,0.0
2012-04-04 00:00:00-04:00,21.746720991682057,21.95693344681613,21.746720991682057,21.91624641418457,1088800,0.0,0.0
2012-04-05 00:00:00-04:00,21.81453121662969,21.868780596184045,21.604321337738543,21.760284423828125,829200,0.0,0.0
2012-04-09 00:00:00-04:00,21.577195751560133,21.699254263733852,21.53651001196101,21.64500617980957,1028200,0.0,0.0
2012-04-10 00:00:00-04:00,21.550074581818578,21.6043226713452,21.24492826987103,21.285614013671875,1327500,0.0,0.0
2012-04-11 00:00:00-04:00,21.44157721004641,21.482262951584055,21.22458357063403,21.339860916137695,930700,0.0,0.0
2012-04-12 00:00:00-04:00,21.305962218180976,21.400896072387695,21.156780262516595,21.400896072387695,1052100,0.0,0.0
2012-04-13 00:00:00-04:00,21.353423261109043,21.563634434659345,21.305956347085726,21.339860916137695,2064400,0.0,0.0
2012-04-16 00:00:00-04:00,21.42124030268801,21.56364108869955,21.366992199439306,21.45514488220215,2715200,0.0,0.0
2012-04-17 00:00:00-04:00,21.57041276082009,21.631442011761642,21.36020161500821,21.604318618774414,791200,0.0,0.0
2012-04-18 00:00:00-04:00,21.482258011064012,21.65178340408898,21.339856008367466,21.353418350219727,1556200,0.0,0.0
2012-04-19 00:00:00-04:00,21.441579403843818,21.48904632272372,21.122870731290416,21.217805862426758,3375400,0.0,0.0
2012-04-20 00:00:00-04:00,21.25171075435043,21.529732392005418,21.136433395319592,21.48226547241211,1946400,0.0,0.0
2012-04-23 00:00:00-04:00,21.35341842886373,21.428010015949788,21.272046964202676,21.312732696533203,1569900,0.0,0.0
2012-04-24 00:00:00-04:00,21.299177373496537,21.69925753782022,21.292396200310783,21.651790618896484,1762800,0.0,0.0
2012-04-25 00:00:00-04:00,21.767069250709824,22.024748688659844,21.6314496511258,21.895910263061523,1529500,0.0,0.0
2012-04-26 00:00:00-04:00,21.88912558314355,22.153584874971006,21.882345703219844,22.065433502197266,1317000,0.0,0.0
2012-04-27 00:00:00-04:00,22.11967912640964,22.316329261537625,22.099336900966392,22.21461296081543,1292400,0.0,0.0
2012-04-30 00:00:00-04:00,22.214611930080757,22.268861311082944,22.1196781000798,22.234956741333008,817800,0.0,0.0
2012-05-01 00:00:00-04:00,22.234958633141517,22.45195100210681,22.160367021293496,22.37735939025879,1049500,0.0,0.0
2012-05-02 00:00:00-04:00,22.295991515805106,22.329896093940285,22.1061212220918,22.167150497436523,1389000,0.0,0.0
2012-05-03 00:00:00-04:00,22.167146236329756,22.289204763556352,21.902686956256467,21.990840911865234,1224000,0.0,0.0
2012-05-04 00:00:00-04:00,21.48904897284494,22.126465103184092,21.48904897284494,21.950157165527344,1085100,0.0,0.0
2012-05-07 00:00:00-04:00,21.78062566348468,21.93658874252605,21.556853449817556,21.828092575073242,2150800,0.0,0.0
2012-05-08 00:00:00-04:00,21.773850788980628,22.004405521150044,21.773850788980628,21.970500946044922,1166400,0.0,0.0
2012-05-09 00:00:00-04:00,21.814530133394722,22.180705666945215,21.733158654856613,22.05864715576172,1926400,0.0,0.0
2012-05-10 00:00:00-04:00,22.194266361669428,22.397696336272002,22.14001957559323,22.268857955932617,1495400,0.0,0.0
2012-05-11 00:00:00-04:00,22.18748656431428,22.28920025861007,22.017961153735477,22.03830337524414,1367500,0.0,0.0
2012-05-14 00:00:00-04:00,21.923028259060366,22.21460959769804,21.855216539927405,22.10611343383789,1012900,0.0,0.0
2012-05-15 00:00:00-04:00,22.072212412483598,22.112899450497785,21.75350633500799,21.848440170288086,1582300,0.0,0.0
2012-05-16 00:00:00-04:00,21.868781121139033,22.017964331741826,21.821314206265935,21.94337272644043,1518000,0.0,0.0
2012-05-17 00:00:00-04:00,21.923025312297785,21.99083443556366,21.74671745300293,21.74671745300293,1359800,0.0,0.0
2012-05-18 00:00:00-04:00,21.821316068410706,21.90947002644896,21.583980180415487,21.651790618896484,1238600,0.0,0.0
2012-05-21 00:00:00-04:00,21.597546002442918,21.821319580078125,21.543297901603378,21.821319580078125,906100,0.0,0.0
2012-05-22 00:00:00-04:00,21.882344274512146,21.99084045347947,21.753505870348746,21.95693588256836,1124400,0.0,0.0
2012-05-23 00:00:00-04:00,21.8280955926677,21.936591775119414,21.5975421749902,21.67213249206543,1764100,0.0,0.0
2012-05-24 00:00:00-04:00,21.726381301879883,21.902686623667236,21.563635739131357,21.726381301879883,1572600,0.0,0.0
2012-05-25 00:00:00-04:00,21.780625088310547,21.882341374315768,21.6653490451404,21.739940643310547,1410900,0.0,0.0
2012-05-29 00:00:00-04:00,21.82809236615214,22.01118013199251,21.780625455017894,22.0044002532959,1340200,0.0,0.0
2012-05-30 00:00:00-04:00,21.875562681834452,22.092557635187305,21.73316192626953,21.73316192626953,1173300,0.0,0.0
2012-05-31 00:00:00-04:00,21.76028259530912,22.02474183153208,21.72637802931305,21.909465789794922,2169100,0.0,0.0
2012-06-01 00:00:00-04:00,21.685694264504512,21.9569360068344,21.672131918712722,21.726381301879883,1346300,0.0,0.0
2012-06-04 00:00:00-04:00,21.726374887560812,21.868775596203935,21.65178330110426,21.767059326171875,1687000,0.0,0.0
2012-06-05 00:00:00-04:00,21.733154056666574,22.01117558737268,21.699249496678437,21.902679443359375,1251800,0.0,0.0
2012-06-06 00:00:00-04:00,22.0111846140575,22.24852180480957,21.929813119365473,22.24852180480957,2957900,0.0,0.0
2012-06-07 00:00:00-04:00,22.377364167515786,22.59435658280595,22.329897238343165,22.451955795288086,5205800,0.0,0.0
2012-06-08 00:00:00-04:00,22.37057920936403,22.635038493809255,22.37057920936403,22.546884536743164,1640100,0.0,0.0
2012-06-11 00:00:00-04:00,22.677298790459005,22.86947844551752,22.5949338369327,22.725343704223633,2837500,0.4,0.0
2012-06-12 00:00:00-04:00,22.718471607854347,22.718471607854347,22.457657190609332,22.594926834106445,1953600,0.0,0.0
2012-06-13 00:00:00-04:00,22.52628969963423,22.725334327820452,22.423334859330918,22.581199645996094,1337800,0.0,0.0
2012-06-14 00:00:00-04:00,22.642972688740194,22.842014704497206,22.57433525378051,22.807697296142578,1098700,0.0,0.0
2012-06-15 00:00:00-04:00,22.876341858372733,23.102838918680227,22.828294329806226,23.06852149963379,1889500,0.0,0.0
2012-06-18 00:00:00-04:00,22.958702784516532,23.26756477355957,22.958702784516532,23.26756477355957,1694400,0.0,0.0
2012-06-19 00:00:00-04:00,23.246969199708044,23.336196566749944,23.034199671397563,23.095972061157227,1441200,0.0,0.0
2012-06-20 00:00:00-04:00,23.095967622068272,23.144012513952497,22.938102842162696,23.02046775817871,1448400,0.0,0.0
2012-06-21 00:00:00-04:00,23.10969422824249,23.19205915045439,22.642972760293897,22.684152603149414,1782300,0.0,0.0
2012-06-22 00:00:00-04:00,22.7802405703929,22.7802405703929,22.60178848972127,22.66356086730957,1001300,0.0,0.0
2012-06-25 00:00:00-04:00,22.51256540755594,22.581202850247855,22.395885682355768,22.50570297241211,941300,0.0,0.0
2012-06-26 00:00:00-04:00,22.553746704086294,22.745926297160484,22.4507918545105,22.71160888671875,2030400,0.0,0.0
2012-06-27 00:00:00-04:00,22.759653016405153,22.938105115626296,22.75279058184878,22.883197784423828,1034900,0.0,0.0
2012-06-28 00:00:00-04:00,22.752789916545968,23.054786774955247,22.732197376977993,23.034196853637695,1209100,0.0,0.0
2012-06-29 00:00:00-04:00,23.36364705349473,23.36364705349473,22.842013058394247,23.02046775817871,2007800,0.0,0.0
2012-07-02 00:00:00-04:00,23.123421498411354,23.253831314898576,23.034196760894254,23.054786682128906,1418000,0.0,0.0
2012-07-03 00:00:00-04:00,23.02047668848666,23.192066402709276,22.944976795308506,23.047931671142578,975000,0.0,0.0
2012-07-05 00:00:00-04:00,22.993019201372324,23.027336616828656,22.75965711071791,22.76651954650879,1867800,0.0,0.0
2012-07-06 00:00:00-04:00,22.629245334265832,22.951832116588925,22.629245334265832,22.9381046295166,1450900,0.0,0.0
2012-07-09 00:00:00-04:00,22.8420154915507,22.979287747949545,22.615518494005542,22.739063262939453,1091000,0.0,0.0
2012-07-10 00:00:00-04:00,22.766518943790878,22.93124619917166,22.71161160416455,22.793973922729492,957800,0.0,0.0
2012-07-11 00:00:00-04:00,22.787106870495784,22.896924145750567,22.718469437055063,22.81456184387207,763400,0.0,0.0
2012-07-12 00:00:00-04:00,22.739062479433322,22.855742191489146,22.67042504447364,22.807697296142578,991700,0.0,0.0
2012-07-13 00:00:00-04:00,22.842012198523186,23.130284157226978,22.835149764905303,23.109691619873047,1073600,0.0,0.0
2012-07-16 00:00:00-04:00,23.102838615251333,23.21265592570836,23.04106621447855,23.08224868774414,1054300,0.0,0.0
2012-07-17 00:00:00-04:00,23.1165589010053,23.22637617723274,22.993014137968125,23.19892120361328,742700,0.0,0.0
2012-07-18 00:00:00-04:00,23.089109817119585,23.171472140737134,23.027337419843658,23.157747268676758,1315500,0.0,0.0
2012-07-19 00:00:00-04:00,23.164609704706947,23.205792175641253,22.979292512879162,23.157747268676758,1238700,0.0,0.0
2012-07-20 00:00:00-04:00,23.102834410261064,23.281286525429127,23.075379433081135,23.21951675415039,926700,0.0,0.0
2012-07-23 00:00:00-04:00,23.06852472947351,23.192069549939276,22.814572651072364,22.993024826049805,719100,0.0,0.0
2012-07-24 00:00:00-04:00,23.034195399413544,23.034195399413544,22.69787853570723,22.876333236694336,918000,0.0,0.0
2012-07-25 00:00:00-04:00,22.93810099427725,22.98614850054102,22.725331524002105,22.896921157836914,966500,0.0,0.0
2012-07-26 00:00:00-04:00,23.116565899752896,23.288155609449248,23.020476081243128,23.226383209228516,951600,0.0,0.0
2012-07-27 00:00:00-04:00,23.24011048657399,23.6725172841445,23.24011048657399,23.624469757080078,1971700,0.0,0.0
2012-07-30 00:00:00-04:00,23.59701419696751,23.84410376210604,23.583286707987504,23.802921295166016,767800,0.0,0.0
2012-07-31 00:00:00-04:00,23.802920860409564,23.8235107843781,23.473468985659178,23.480331420898438,923000,0.0,0.0
2012-08-01 00:00:00-04:00,23.54210470015777,23.91273905509355,23.28815269470215,23.28815269470215,2969100,0.0,0.0
2012-08-02 00:00:00-04:00,23.295008746557595,23.665642999926696,22.97928443513213,23.109691619873047,1559800,0.0,0.0
2012-08-03 00:00:00-04:00,24.050008789877136,24.228460894752963,23.391105085065576,23.569557189941406,1140900,0.0,0.0
2012-08-06 00:00:00-04:00,23.658780186479344,23.871549662469665,23.59700781190955,23.748004913330078,1202400,0.0,0.0
2012-08-07 00:00:00-04:00,23.754879610931354,23.912741828210805,23.514652448613887,23.624469757080078,1591800,0.0,0.0
2012-08-08 00:00:00-04:00,23.631334002550247,23.6656514193489,23.473471790675585,23.645061492919922,852900,0.0,0.0
2012-08-09 00:00:00-04:00,23.63819101724909,23.67937347891302,23.363649127574295,23.631328582763672,1427900,0.0,0.0
2012-08-10 00:00:00-04:00,23.590146956134276,23.844101551342195,23.535239623555917,23.816646575927734,1107500,0.0,0.0
2012-08-13 00:00:00-04:00,23.720558884097606,23.88528351469332,23.651921439473725,23.823511123657227,1988800,0.0,0.0
2012-08-14 00:00:00-04:00,23.699964631719844,23.912736767326948,23.679374708943566,23.782329559326172,1969700,0.0,0.0
2012-08-15 00:00:00-04:00,23.69996439664872,23.789191758211924,23.569557189941406,23.569557189941406,2226200,0.0,0.0
2012-08-16 00:00:00-04:00,23.50092230555321,23.590147048624186,23.185195323550165,23.212650299072266,2127400,0.0,0.0
2012-08-17 00:00:00-04:00,23.144021492187044,23.24697374976986,22.95870428663647,23.047931671142578,1611300,0.0,0.0
2012-08-20 00:00:00-04:00,22.97242529143122,23.150877391804155,22.91751534162385,23.116559982299805,1208800,0.0,0.0
2012-08-21 00:00:00-04:00,23.075387166943113,23.205797043130097,22.972434895389377,22.993024826049805,1151600,0.0,0.0
2012-08-22 00:00:00-04:00,22.924382671534165,23.047927452621835,22.8969276939034,22.979290008544922,1069000,0.0,0.0
2012-08-23 00:00:00-04:00,22.92437840092865,22.965558241452587,22.642971478263817,22.75965118408203,1256900,0.0,0.0
2012-08-24 00:00:00-04:00,22.684160218841477,22.855749937014636,22.67729778214513,22.7871150970459,1618600,0.0,0.0
2012-08-27 00:00:00-04:00,22.76651522680174,22.87633512462638,22.759652792312934,22.773380279541016,941300,0.0,0.0
2012-08-28 00:00:00-04:00,22.697881304910318,22.828288511349193,22.691018870150618,22.73219871520996,915800,0.0,0.0
2012-08-29 00:00:00-04:00,22.697884305666474,22.793974114509183,22.629249475993372,22.649839401245117,920200,0.0,0.0
2012-08-30 00:00:00-04:00,22.58806700723896,22.697884305666474,22.50570468798105,22.649839401245117,1972200,0.0,0.0
2012-08-31 00:00:00-04:00,22.67729142861779,22.73906381458333,22.389019421361755,22.457656860351562,4387800,0.0,0.0
2012-09-04 00:00:00-04:00,22.450791807327292,22.540019168888755,22.34097452319418,22.457656860351562,4731500,0.0,0.0
2012-09-05 00:00:00-04:00,22.54002011023668,22.691019864069943,22.45765779825976,22.670427322387695,2156600,0.0,0.0
2012-09-06 00:00:00-04:00,22.73906287059605,22.828287610202864,22.663562999966846,22.773380279541016,1518500,0.0,0.0
2012-09-07 00:00:00-04:00,22.780243613279577,22.814563641829796,22.691018870150618,22.73219871520996,1918800,0.0,0.0
2012-09-10 00:00:00-04:00,22.759990527104303,22.78778114081381,22.614093780517578,22.614093780517578,1181300,0.4,0.0
2012-09-11 00:00:00-04:00,22.648831032181622,22.732202874450014,22.51682959064492,22.579357147216797,1647600,0.0,0.0
2012-09-12 00:00:00-04:00,22.56545565043514,22.62103686336806,22.419558941873383,22.447349548339844,921400,0.0,0.0
2012-09-13 00:00:00-04:00,22.433455433351593,22.815567016601562,22.41956012938236,22.815567016601562,1053000,0.0,0.0
2012-09-14 00:00:00-04:00,22.79473497264772,22.857262541677596,22.634942885184557,22.697467803955078,1525600,0.0,0.0
2012-09-17 00:00:00-04:00,22.662725484749522,22.815571206219833,22.579356295883322,22.641883850097656,2499200,0.0,0.0
2012-09-18 00:00:00-04:00,22.593252454261528,22.627989396743942,22.482092648162507,22.579357147216797,1210900,0.0,0.0
2012-09-19 00:00:00-04:00,22.600201504149666,22.72525663235244,22.565464557484262,22.63494110107422,1131400,0.0,0.0
2012-09-20 00:00:00-04:00,22.614091243057263,22.815569194455758,22.60019593776166,22.801673889160156,1553500,0.0,0.0
2012-09-21 00:00:00-04:00,22.86420506662106,22.86420506662106,22.64883177574524,22.67662239074707,1563000,0.0,0.0
2012-09-24 00:00:00-04:00,22.676615532053606,22.82946121807557,22.627983295639,22.773880004882812,1604400,0.0,0.0
2012-09-25 00:00:00-04:00,22.829462892810458,22.912832068457313,22.746093717163603,22.766935348510742,2339900,0.0,0.0
2012-09-26 00:00:00-04:00,22.732203001507212,22.996205886056213,22.732203001507212,22.84336280822754,1921600,0.0,0.0
2012-09-27 00:00:00-04:00,22.850307873328585,22.891993792391073,22.634937250485798,22.655778884887695,1053400,0.0,0.0
2012-09-28 00:00:00-04:00,22.60715226555809,22.732207403617842,22.475148147462036,22.697467803955078,1527100,0.0,0.0
2012-10-01 00:00:00-04:00,22.773886145325378,22.80862573806662,22.558515511779113,22.579357147216797,1650700,0.0,0.0
2012-10-02 00:00:00-04:00,22.66271966441076,22.836406975925804,22.66271966441076,22.822511672973633,2310100,0.0,0.0
2012-10-03 00:00:00-04:00,22.878096133353548,22.99620224983037,22.822514913652622,22.87114715576172,1735700,0.0,0.0
2012-10-04 00:00:00-04:00,22.926733563526863,23.07263032286896,22.86420600234325,22.898942947387695,1420600,0.0,0.0
2012-10-05 00:00:00-04:00,22.95452261494787,22.961468943379643,22.773886272615556,22.84336280822754,911000,0.0,0.0
2012-10-08 00:00:00-04:00,22.829462859914,22.898936731143216,22.69051246719726,22.787776947021484,734300,0.0,0.0
2012-10-09 00:00:00-04:00,22.808624539102393,22.885044748443047,22.68356943253232,22.794729232788086,883400,0.0,0.0
2012-10-10 00:00:00-04:00,22.79472485502044,22.822512812053635,22.65577446882173,22.725248336791992,836100,0.0,0.0
2012-10-11 00:00:00-04:00,22.79472592429939,22.891990404123618,22.69051246719726,22.787776947021484,1069300,0.0,0.0
2012-10-12 00:00:00-04:00,22.843360133143705,22.843360133143705,22.614091567861045,22.648828506469727,1226500,0.0,0.0
2012-10-15 00:00:00-04:00,22.57935002510622,22.704405098804372,22.509876162055246,22.690509796142578,1062900,0.0,0.0
2012-10-16 00:00:00-04:00,22.746098381828485,22.843362881739424,22.586303674536115,22.70441246032715,1096200,0.0,0.0
2012-10-17 00:00:00-04:00,22.76693713102746,22.94757080078125,22.704409581832206,22.94757080078125,1412100,0.0,0.0
2012-10-18 00:00:00-04:00,22.96841183048189,23.037885697409454,22.850303076395264,23.017044067382812,1660400,0.0,0.0
2012-10-19 00:00:00-04:00,22.98926112471048,23.01705174084965,22.815573749229216,22.898942947387695,1016000,0.0,0.0
2012-10-22 00:00:00-04:00,22.885044748443047,22.891993726729545,22.690515760560128,22.794729232788086,861600,0.0,0.0
2012-10-23 00:00:00-04:00,22.662724697084627,22.74609653331189,22.37787754895474,22.565460205078125,2749800,0.0,0.0
2012-10-24 00:00:00-04:00,22.586295092250445,22.6349299739846,22.43345207200683,22.46124267578125,1269900,0.0,0.0
2012-10-25 00:00:00-04:00,22.551565682841677,22.655779156618475,22.419564246281965,22.641883850097656,1145500,0.0,0.0
2012-10-26 00:00:00-04:00,22.662717927501173,22.676613229388384,22.45429369970872,22.46124267578125,1502800,0.0,0.0
2012-10-31 00:00:00-04:00,22.495988080944162,22.898941386458283,22.482092773821766,22.84336280822754,2025400,0.0,0.0
2012-11-01 00:00:00-04:00,22.843355952530914,22.92672511998588,22.766933111423004,22.822511672973633,1363100,0.0,0.0
2012-11-02 00:00:00-04:00,22.89199513169489,22.905890438862006,22.690517153160034,22.70441246032715,2788000,0.0,0.0
2012-11-05 00:00:00-05:00,22.60714622170623,22.61409254962612,22.384826624648674,22.405668258666992,1931300,0.0,0.0
2012-11-06 00:00:00-05:00,22.405666097274548,22.509879557830345,22.294506309468947,22.30145263671875,1427900,0.0,0.0
2012-11-07 00:00:00-05:00,22.259769902167246,22.259769902167246,21.766497172559014,21.808181762695312,1420000,0.0,0.0
2012-11-08 00:00:00-05:00,21.759550307650073,22.030502141037555,21.70397041041343,21.884605407714844,1647900,0.0,0.0
2012-11-09 00:00:00-05:00,21.731759776187626,21.82902425949538,21.050904417645754,21.09259033203125,2542200,0.0,0.0
2012-11-12 00:00:00-05:00,20.981425471476914,20.981425471476914,20.66878781481472,20.745210647583008,2117700,0.0,0.0
2012-11-13 00:00:00-05:00,20.710480626433206,20.953643197702437,20.613216127977275,20.627111434936523,2333300,0.0,0.0
2012-11-14 00:00:00-05:00,20.64100442379655,20.668795036378132,20.286683389286743,20.42563247680664,1677400,0.0,0.0
2012-11-15 00:00:00-05:00,20.39784556442348,20.529847014167864,20.07826010817032,20.161630630493164,1685200,0.0,0.0
2012-11-16 00:00:00-05:00,20.258886316837955,20.40478433611069,20.126883599425273,20.397836685180664,2455600,0.0,0.0
2012-11-19 00:00:00-05:00,20.474261821433235,20.509000082236007,20.119939512019883,20.203310012817383,1790900,0.0,0.0
2012-11-20 00:00:00-05:00,20.140787163354776,20.23110533736616,19.918467542910555,20.071311950683594,1914400,0.0,0.0
2012-11-21 00:00:00-05:00,20.126890559218218,20.147733519215706,19.765621861834056,19.953203201293945,1547900,0.0,0.0
2012-11-23 00:00:00-05:00,19.97404293852752,20.036570483301944,19.751723368275883,19.835092544555664,646900,0.0,0.0
2012-11-26 00:00:00-05:00,19.786462118870276,20.119941504831967,19.786462118870276,20.043519973754883,1820200,0.0,0.0
2012-11-27 00:00:00-05:00,20.015727480499798,20.064359720739027,19.855935455391148,19.974042892456055,2108100,0.0,0.0
2012-11-28 00:00:00-05:00,19.932359193708606,20.376998353024188,19.835093383761407,20.356155395507812,2387300,0.0,0.0
2012-11-29 00:00:00-05:00,20.404785913903485,20.640999438144945,20.38394295950173,20.57152557373047,2337600,0.0,0.0
2012-11-30 00:00:00-05:00,20.63405867497474,20.821640014648438,20.57153112004038,20.821640014648438,2779000,0.0,0.0
2012-12-03 00:00:00-05:00,20.842480664881876,20.842480664881876,20.425630786558393,20.55068588256836,1680300,0.0,0.0
2012-12-04 00:00:00-05:00,20.54373254558057,20.640997004395746,20.425625134821196,20.460363388061523,1266400,0.0,0.0
2012-12-05 00:00:00-05:00,20.481214023906894,20.89806397024767,20.356158907491718,20.814693450927734,2329100,0.0,0.0
2012-12-06 00:00:00-05:00,20.863326553920935,20.88416818943139,20.557636423516573,20.703533172607422,2264400,0.0,0.0
2012-12-07 00:00:00-05:00,20.69658824567138,20.78690509763451,20.620165376612917,20.661849975585938,1977100,0.0,0.0
2012-12-10 00:00:00-05:00,20.844948703594522,20.96466636657715,20.668893395866856,20.96466636657715,2215500,0.4,0.0
2012-12-11 00:00:00-05:00,20.992831139329073,21.161844046367783,20.894240612688623,20.95762062072754,1769500,0.0,0.0
2012-12-12 00:00:00-05:00,20.950581177697448,21.161847005236414,20.9294540576654,20.971708297729492,2238600,0.0,0.0
2012-12-13 00:00:00-05:00,20.936485290527344,21.035077121686633,20.851979541756133,20.936485290527344,1978600,0.0,0.0
2012-12-14 00:00:00-05:00,20.929445443343177,20.978742036461366,20.71113733231333,20.71817970275879,1702700,0.0,0.0
2012-12-17 00:00:00-05:00,20.795653887887784,21.112552642822266,20.774526766947314,21.112552642822266,1373300,0.0,0.0
2012-12-18 00:00:00-05:00,21.077339071679123,21.323816740915188,21.049169581162893,21.316774368286133,5841000,0.0,0.0
2012-12-19 00:00:00-05:00,21.330854660264283,21.330854660264283,21.1407146685613,21.161840438842773,2891900,0.0,0.0
2012-12-20 00:00:00-05:00,21.274518126679272,22.098456841861996,21.274518126679272,21.950571060180664,4069400,0.0,0.0
2012-12-21 00:00:00-05:00,21.830855459089918,22.04916363758615,21.81677071384623,21.866065979003906,5294600,0.0,0.0
2012-12-24 00:00:00-05:00,21.78156075708483,21.859025514732696,21.654800733004777,21.75339126586914,681100,0.0,0.0
2012-12-26 00:00:00-05:00,21.788598824477933,21.901274080685596,21.60550119734173,21.62662696838379,1405900,0.0,0.0
2012-12-27 00:00:00-05:00,21.591420968902543,21.732265740207783,21.33790091783123,21.542125701904297,1814200,0.0,0.0
2012-12-28 00:00:00-05:00,21.44353352132504,21.67592643589725,21.35198402404785,21.35198402404785,2914900,0.0,0.0
2012-12-31 00:00:00-05:00,21.34494215726547,21.704095096146478,21.25339400101512,21.6336727142334,2461100,0.0,0.0
2013-01-02 00:00:00-05:00,21.929447626594087,22.05620765686035,21.837899462065863,22.05620765686035,2097000,0.0,0.0
2013-01-03 00:00:00-05:00,22.006911631420262,22.175924551566137,21.922404499749682,21.964658737182617,2195000,0.0,0.0
2013-01-04 00:00:00-05:00,21.999869258514774,22.147756403139468,21.87310923260655,21.964658737182617,2649500,0.0,0.0
2013-01-07 00:00:00-05:00,21.844941498618898,21.851983871657996,21.626631963992864,21.690011978149414,2626200,0.0,0.0
2013-01-08 00:00:00-05:00,21.61958234339155,21.901270437047234,21.57732812194711,21.78859519958496,1577200,0.0,0.0
2013-01-09 00:00:00-05:00,21.788595551840338,21.894228420769632,21.66183557184726,21.88718605041504,1677200,0.0,0.0
2013-01-10 00:00:00-05:00,21.915359888112707,22.16887855529785,21.90127514460379,22.16887855529785,2123500,0.0,0.0
2013-01-11 00:00:00-05:00,22.267467468252768,22.28859323752383,22.08436985646583,22.1547908782959,1642700,0.0,0.0
2013-01-14 00:00:00-05:00,22.168878996039975,22.288596631855746,22.09845662029039,22.161836624145508,1695800,0.0,0.0
2013-01-15 00:00:00-05:00,22.140711466228325,22.32380911098155,22.035078571269388,22.3167667388916,1890600,0.0,0.0
2013-01-16 00:00:00-05:00,22.21817598701234,22.28859836824818,22.04212070552034,22.09141731262207,1337800,0.0,0.0
2013-01-17 00:00:00-05:00,22.19705021287823,22.28155599580508,22.09141731262207,22.09141731262207,2005600,0.0,0.0
2013-01-18 00:00:00-05:00,22.140714812316748,22.337895887854373,22.077334797123846,22.32381248474121,1816500,0.0,0.0
2013-01-22 00:00:00-05:00,22.366058718806677,22.605492618759776,22.30267872249132,22.57732582092285,1812200,0.0,0.0
2013-01-23 00:00:00-05:00,22.563245750767614,22.57733049579741,22.323810458041972,22.429443359375,2294400,0.0,0.0
2013-01-24 00:00:00-05:00,22.4998669453122,22.626626970972932,22.45761270796176,22.51395034790039,1999400,0.0,0.0
2013-01-25 00:00:00-05:00,22.57732501432715,22.68295654681905,22.436480284614845,22.654787063598633,1861300,0.0,0.0
2013-01-28 00:00:00-05:00,22.60549570867865,22.640708911970336,22.40127229289905,22.528032302856445,1656200,0.0,0.0
2013-01-29 00:00:00-05:00,22.492820444745046,22.851973337143598,22.464650958347494,22.83084487915039,1629600,0.0,0.0
2013-01-30 00:00:00-05:00,22.844931654030532,22.957606923251276,22.78859536261532,22.837890625,1536200,0.0,0.0
2013-01-31 00:00:00-05:00,22.837889620083,22.908310652850915,22.725214355820214,22.84493064880371,1882700,0.0,0.0
2013-02-01 00:00:00-05:00,22.943519790865363,23.04211029382986,22.90126556685641,23.013940811157227,1828800,0.0,0.0
2013-02-04 00:00:00-05:00,22.943527966482673,22.99282323553063,22.88718898106176,22.901273727416992,1416500,0.0,0.0
2013-02-05 00:00:00-05:00,22.95056916979202,23.112539724514342,22.908314930407222,22.971694946289062,1495300,0.0,0.0
2013-02-06 00:00:00-05:00,22.922395320784496,23.11957904738413,22.795635313109802,23.084365844726562,1423300,0.0,0.0
2013-02-07 00:00:00-05:00,23.126617236657193,23.225207744657233,22.95056199054573,23.056196212768555,1972900,0.0,0.0
2013-02-08 00:00:00-05:00,23.091411124049632,23.091411124049632,22.880145325743847,22.964651107788086,1834500,0.0,0.0
2013-02-11 00:00:00-05:00,22.992822099508686,23.15479264500519,22.992822099508686,23.126623153686523,1287700,0.0,0.0
2013-02-12 00:00:00-05:00,23.119583888534038,23.35197549367274,23.04211912469089,23.344934463500977,1875400,0.0,0.0
2013-02-13 00:00:00-05:00,23.380143272067695,23.513944326642093,23.323804289263382,23.436479568481445,1677100,0.0,0.0
2013-02-14 00:00:00-05:00,23.380137221774184,23.408306705886663,23.19703826143294,23.33788299560547,1489100,0.0,0.0
2013-02-15 00:00:00-05:00,23.36605730571703,23.415352569900325,23.29563626728102,23.330846786499023,2361200,0.0,0.0
2013-02-19 00:00:00-05:00,23.323801472522785,23.619575723744592,23.274506211717522,23.408309936523438,2745100,0.0,0.0
2013-02-20 00:00:00-05:00,23.40126192519455,23.971681863722022,23.387177183780196,23.563232421875,2236200,0.0,0.0
2013-02-21 00:00:00-05:00,23.506903119164143,23.563239415151727,23.344932574412848,23.366058349609375,1529200,0.0,0.0
2013-02-22 00:00:00-05:00,23.443524156467983,23.71112627556977,23.42239569393525,23.647748947143555,1037100,0.0,0.0
2013-02-25 00:00:00-05:00,23.725210715202806,23.88718126511049,23.323804855346676,23.32380485534668,1903300,0.0,0.0
2013-02-26 00:00:00-05:00,23.316757736254804,23.640698751471657,23.316757736254804,23.485769271850586,1322000,0.0,0.0
2013-02-27 00:00:00-05:00,23.54210677739836,23.640697281430267,23.485767811443125,23.570276260375977,1446000,0.0,0.0
2013-02-28 00:00:00-05:00,23.584363727375365,23.92238950300123,23.584363727375365,23.795629501342773,1809600,0.0,0.0
2013-03-01 00:00:00-05:00,23.739296409203277,23.922395428682165,23.58436956932583,23.866056442260742,1457900,0.0,0.0
2013-03-04 00:00:00-05:00,23.75337128979547,24.07027124081407,23.75337128979547,24.00689125061035,2146400,0.0,0.0
2013-03-05 00:00:00-05:00,24.11956801975499,24.22520223892297,24.042103283883776,24.147737503051758,2019000,0.0,0.0
2013-03-06 00:00:00-05:00,24.154780814833877,24.246330301010687,23.908304528654057,23.985769271850586,2080400,0.0,0.0
2013-03-07 00:00:00-05:00,23.9928063593192,24.11252531179269,23.964636877985484,23.978721618652344,2284600,0.0,0.0
2013-03-08 00:00:00-05:00,24.02098596852892,24.04915546173963,23.78155064901934,23.866056442260742,2256800,0.0,0.0
2013-03-11 00:00:00-04:00,23.873177253791255,24.22949333220605,23.837546189644964,24.179609298706055,2328700,0.4,0.0
2013-03-12 00:00:00-04:00,24.165354267278232,24.186732360246587,24.01570217954833,24.10121726989746,1971100,0.0,0.0
2013-03-13 00:00:00-04:00,24.101225776856367,24.236624944240354,24.02283578366897,24.22949981689453,1441300,0.0,0.0
2013-03-14 00:00:00-04:00,24.59294714727476,24.721221218760853,24.307895769454703,24.38628578186035,3789700,0.0,0.0
2013-03-15 00:00:00-04:00,24.293630481538905,24.50741958618164,24.19386241393736,24.50741958618164,2836100,0.0,0.0
2013-03-18 00:00:00-04:00,24.27224873334171,24.514543740395315,24.26512089045674,24.33638572692871,1301800,0.0,0.0
2013-03-19 00:00:00-04:00,24.45040520144325,24.51454219097653,24.272247199236954,24.44327735900879,1865400,0.0,0.0
2013-03-20 00:00:00-04:00,24.528798474471376,24.69983139480309,24.478914439057135,24.60006332397461,1543100,0.0,0.0
2013-03-21 00:00:00-04:00,24.50742058765034,24.550179497716567,24.31500957006643,24.379146575927734,2127200,0.0,0.0
2013-03-22 00:00:00-04:00,24.46466442769965,24.500295493562884,24.35776851163387,24.421905517578125,1259300,0.0,0.0
2013-03-25 00:00:00-04:00,24.514552830960092,24.64282686570108,24.329266905900194,24.400531768798828,1226100,0.0,0.0
2013-03-26 00:00:00-04:00,24.48603808006619,24.692702030436358,24.47891023710138,24.657068252563477,1690900,0.0,0.0
2013-03-27 00:00:00-04:00,24.564433659929673,24.792475754398357,24.493168806360583,24.664201736450195,1395200,0.0,0.0
2013-03-28 00:00:00-04:00,24.70695793429649,25.02764297922116,24.69270768205646,24.95638084411621,2207100,0.0,0.0
2013-04-01 00:00:00-04:00,24.899367557358907,25.006263472465456,24.842358396184515,24.892242431640625,1023300,0.0,0.0
2013-04-02 00:00:00-04:00,24.906498312542194,25.070403407979818,24.906498312542194,25.056150436401367,1099400,0.0,0.0
2013-04-03 00:00:00-04:00,25.034776228824573,25.198681349734024,24.714091114664,24.806734085083008,2019400,0.0,0.0
2013-04-04 00:00:00-04:00,24.785352002161176,24.935006860127967,24.73546795566446,24.820985794067383,1454000,0.0,0.0
2013-04-05 00:00:00-04:00,24.60006751269436,24.820984506056444,24.478918607148536,24.792478561401367,2478700,0.0,0.0
2013-04-08 00:00:00-04:00,24.78534983428411,24.999141693115234,24.671328778196497,24.999141693115234,1625700,0.0,0.0
2013-04-09 00:00:00-04:00,24.963504562727625,25.03476941229067,24.828105426271907,24.892242431640625,1080800,0.0,0.0
2013-04-10 00:00:00-04:00,24.94212675820637,25.07752589624239,24.906495692247006,25.049022674560547,1104500,0.0,0.0
2013-04-11 00:00:00-04:00,25.09178239470134,25.191550480807276,25.027645379565172,25.184425354003906,1282700,0.0,0.0
2013-04-12 00:00:00-04:00,25.16304677296678,25.29132080078125,25.155918927823528,25.29132080078125,882100,0.0,0.0
2013-04-15 00:00:00-04:00,25.141665854703177,25.2129307134665,24.628572463989258,24.628572463989258,1813200,0.0,0.0
2013-04-16 00:00:00-04:00,24.657074006780437,25.07752713013107,24.41477894046861,24.99201202392578,2101200,0.0,0.0
2013-04-17 00:00:00-04:00,24.899375503949436,24.927881452872278,24.500303092937322,24.756851196289062,1370600,0.0,0.0
2013-04-18 00:00:00-04:00,24.84948439236199,25.006264348416536,24.72121037713121,24.977758407592773,1422500,0.0,0.0
2013-04-19 00:00:00-04:00,25.077530139033456,25.547867357309798,25.020520967548478,25.5264892578125,1919700,0.0,0.0
2013-04-22 00:00:00-04:00,25.497978596012917,25.497978596012917,25.205799510201107,25.398210525512695,1434400,0.0,0.0
2013-04-23 00:00:00-04:00,25.46235362935618,25.590627670288086,25.305573641889033,25.590627670288086,1688300,0.0,0.0
2013-04-24 00:00:00-04:00,25.62624191310348,25.882789826468628,25.490842833705162,25.747390747070312,1273400,0.0,0.0
2013-04-25 00:00:00-04:00,25.832918643493596,25.904180779947215,25.626254641911345,25.726022720336914,1049400,0.0,0.0
2013-04-26 00:00:00-04:00,25.72601675861127,25.861418592361993,25.647629514068182,25.654754638671875,933900,0.0,0.0
2013-04-29 00:00:00-04:00,25.733149866297232,25.911307921069742,25.669012857840084,25.761655807495117,766300,0.0,0.0
2013-04-30 00:00:00-04:00,25.76877735287196,25.832914352416992,25.669009291018753,25.832914352416992,1413600,0.0,0.0
2013-05-01 00:00:00-04:00,25.825797651488806,25.832922778884274,25.45522850196071,25.590627670288086,1281300,0.0,0.0
2013-05-02 00:00:00-04:00,25.41959662265927,25.71890364685211,25.2770723162099,25.63338851928711,2088600,0.0,0.0
2013-05-03 00:00:00-04:00,25.797288852258475,26.182110932500102,25.669014825511265,26.046709060668945,1867700,0.0,0.0
2013-05-06 00:00:00-04:00,26.011070796655893,26.046701856791802,25.626248822846556,25.690385818481445,1171100,0.0,0.0
2013-05-07 00:00:00-04:00,25.74027569132289,25.85429674073443,25.554992505457726,25.726022720336914,2492100,0.0,0.0
2013-05-08 00:00:00-04:00,25.68326912809437,25.804415316035353,25.44809916071266,25.49085807800293,1737300,0.0,0.0
2013-05-09 00:00:00-04:00,25.490851248227965,25.58349418496343,25.155913282052218,25.24142837524414,2016000,0.0,0.0
2013-05-10 00:00:00-04:00,25.220053508320603,25.312696456909183,24.963505477445242,25.31269645690918,964100,0.0,0.0
2013-05-13 00:00:00-04:00,25.30556758070133,25.497978596012917,25.155915474950998,25.398210525512695,1755800,0.0,0.0
2013-05-14 00:00:00-04:00,25.46234474862787,25.718892741013157,25.369701813938573,25.56211280822754,1989300,0.0,0.0
2013-05-15 00:00:00-04:00,25.54786291122149,26.046705987665053,25.476600779647868,25.804410934448242,1568500,0.0,0.0
2013-05-16 00:00:00-04:00,25.711777314160056,25.761661362775328,25.590628397182417,25.597753524780273,1165600,0.0,0.0
2013-05-17 00:00:00-04:00,25.619130404700652,25.9113095238618,25.604877433220064,25.854297637939453,1548800,0.0,0.0
2013-05-20 00:00:00-04:00,25.854292410222616,25.889926190957134,25.733146254847806,25.7901554107666,898300,0.0,0.0
2013-05-21 00:00:00-04:00,25.761655807495117,25.939813862267627,25.56924478212367,25.761655807495117,1325100,0.0,0.0
2013-05-22 00:00:00-04:00,25.71177455813831,25.996825845603087,25.11316332044286,25.220056533813477,1281300,0.0,0.0
2013-05-23 00:00:00-04:00,25.03477068116522,25.070401748514662,24.59293674690834,24.87799072265625,1995400,0.0,0.0
2013-05-24 00:00:00-04:00,24.76396721404021,24.863735280090268,24.550178112722094,24.607187271118164,857900,0.0,0.0
2013-05-28 00:00:00-04:00,24.706958833099584,24.8922447406748,24.322139483667016,24.50029754638672,1702600,0.0,0.0
2013-05-29 00:00:00-04:00,24.343518584804585,24.37202452844916,23.80904437461261,24.037086486816406,1899100,0.0,0.0
2013-05-30 00:00:00-04:00,24.115474065656702,24.63569525210357,24.115474065656702,24.393400192260742,3121300,0.0,0.0
2013-05-31 00:00:00-04:00,24.315006667624527,24.607185722009973,24.25086966941915,24.257997512817383,2322400,0.0,0.0
2013-06-03 00:00:00-04:00,24.307883187964983,24.322136157250405,23.89455523411544,24.143978118896484,1911800,0.0,0.0
2013-06-04 00:00:00-04:00,24.129732363332813,24.286512353866836,24.001458319891658,24.24375343322754,2672100,0.0,0.0
2013-06-05 00:00:00-04:00,24.151098539019184,24.34350950917171,24.086961548968343,24.265119552612305,4272500,0.0,0.0
2013-06-06 00:00:00-04:00,24.23662266301659,24.436161550115127,24.05846459289643,24.372024536132812,4885100,0.0,0.0
2013-06-07 00:00:00-04:00,24.44328463295497,24.935002605196306,24.41477869168494,24.87799072265625,3483000,0.0,0.0
2013-06-10 00:00:00-04:00,24.899622803413482,24.957292762287906,24.589638868253353,24.697771072387695,2533300,0.4,0.0
2013-06-11 00:00:00-04:00,24.510337231398193,24.640098060269164,24.373368689805847,24.387786865234375,1386800,0.0,0.0
2013-06-12 00:00:00-04:00,24.481501730569985,24.59684438801727,23.919206619262695,23.919206619262695,1480300,0.0,0.0
2013-06-13 00:00:00-04:00,23.89758290943743,24.445459894773148,23.883164732193578,24.431041717529297,1284300,0.0,0.0
2013-06-14 00:00:00-04:00,24.272444048729078,24.712188821216323,24.272444048729078,24.582427978515625,1296500,0.0,0.0
2013-06-17 00:00:00-04:00,24.712183033719086,24.885198366795855,24.531959988840775,24.647302627563477,1517400,0.0,0.0
2013-06-18 00:00:00-04:00,24.697765933874415,24.964498031880098,24.5968414643525,24.91403579711914,1700500,0.0,0.0
2013-06-19 00:00:00-04:00,24.899616557411115,24.964496963611094,24.315692901611328,24.315692901611328,1204900,0.0,0.0
2013-06-20 00:00:00-04:00,24.113843164670858,24.164305395584652,23.486667759038465,23.55875587463379,2029100,0.0,0.0
2013-06-21 00:00:00-04:00,23.702942050106017,24.027344168717892,23.313659507771764,23.911998748779297,2141800,0.0,0.0
2013-06-24 00:00:00-04:00,23.69572765916546,23.868743010412558,23.40016194452369,23.638057708740234,1609500,0.0,0.0
2013-06-25 00:00:00-04:00,23.818279273565867,24.207561726883448,23.63084575901198,24.08500862121582,1499000,0.0,0.0
2013-06-26 00:00:00-04:00,24.243604226693286,24.438245440822016,24.070588897472625,24.394990921020508,1173200,0.0,0.0
2013-06-27 00:00:00-04:00,24.474291183317835,24.82031911558743,24.474291183317835,24.78427505493164,2293700,0.0,0.0
2013-06-28 00:00:00-04:00,24.67613749654801,24.993329046538133,24.6040493829092,24.827524185180664,1876000,0.0,0.0
2013-07-01 00:00:00-04:00,24.82752455246478,24.885197244217213,24.467078478967984,24.474288940429688,1652700,0.0,0.0
2013-07-02 00:00:00-04:00,24.423826314606334,24.647301116564684,24.416615853261398,24.560794830322266,1622300,0.0,0.0
2013-07-03 00:00:00-04:00,24.467085785645864,24.57522073998168,24.38057947216888,24.431041717529297,607200,0.0,0.0
2013-07-05 00:00:00-04:00,24.4670771819471,24.517539409562783,23.89757450600082,24.265228271484375,956200,0.0,0.0
2013-07-08 00:00:00-04:00,24.42382537443786,24.798689600372025,24.42382537443786,24.726598739624023,1288100,0.0,0.0
2013-07-09 00:00:00-04:00,24.870785708829803,24.97171019634613,24.69777033738322,24.769861221313477,1187600,0.0,0.0
2013-07-10 00:00:00-04:00,24.74823388192094,25.166349984288264,24.70497935409568,25.087051391601562,1799500,0.0,0.0
2013-07-11 00:00:00-04:00,25.339362325141007,25.454704968940263,25.17355469656813,25.447494506835938,1056500,0.0,0.0
2013-07-12 00:00:00-04:00,25.46912618398245,25.620512906421098,25.202394053987636,25.584468841552734,1698300,0.0,0.0
2013-07-15 00:00:00-04:00,25.541208058788825,25.995370864868164,25.461909485506776,25.995370864868164,1454800,0.0,0.0
2013-07-16 00:00:00-04:00,26.038618307538652,26.074662357593663,25.786307207168846,25.944904327392578,1364800,0.0,0.0
2013-07-17 00:00:00-04:00,26.081885384986396,26.08909309847649,25.85120005349838,25.916080474853516,1384300,0.0,0.0
2013-07-18 00:00:00-04:00,25.966542519802566,26.190020136084033,25.93770616609153,26.175601959228516,1160200,0.0,0.0
2013-07-19 00:00:00-04:00,26.276521996099245,26.276521996099245,25.930494060140617,26.024208068847656,1271800,0.0,0.0
2013-07-22 00:00:00-04:00,26.00979671987366,26.132347096609298,25.908869483167468,25.930498123168945,1470700,0.0,0.0
2013-07-23 00:00:00-04:00,25.98815612571768,26.031410635838206,25.75026319501666,25.815143585205078,1382800,0.0,0.0
2013-07-24 00:00:00-04:00,25.843989634408736,25.880036451879327,25.541216167555486,25.649351119995117,1019700,0.0,0.0
2013-07-25 00:00:00-04:00,25.577255501618524,25.7646890178286,25.54121144080445,25.75027084350586,1268800,0.0,0.0
2013-07-26 00:00:00-04:00,25.663766502923078,25.930498651819775,25.555634300655235,25.916080474853516,1383500,0.0,0.0
2013-07-29 00:00:00-04:00,25.85840629759941,26.14676432056668,25.76469227762307,26.031421661376953,1194700,0.0,0.0
2013-07-30 00:00:00-04:00,26.132346144419724,26.29094333205032,26.002585309083045,26.031421661376953,1184000,0.0,0.0
2013-07-31 00:00:00-04:00,25.95931978563733,26.053036515906097,25.678172344815785,25.815143585205078,1453900,0.0,0.0
2013-08-01 00:00:00-04:00,25.750270410956787,26.204430519559196,25.6637613664735,26.168386459350586,1347500,0.0,0.0
2013-08-02 00:00:00-04:00,26.16838835669205,26.456746359239382,26.038627530544318,26.435117721557617,1196000,0.0,0.0
2013-08-05 00:00:00-04:00,26.31976702042695,26.391857874007087,26.197216694318037,26.254886627197266,1389800,0.0,0.0
2013-08-06 00:00:00-04:00,26.21164290232373,26.27652331544773,25.829570886141145,25.90165901184082,1552300,0.0,0.0
2013-08-07 00:00:00-04:00,25.94490651697244,25.94490651697244,25.505161919229437,25.62771224975586,2412500,0.0,0.0
2013-08-08 00:00:00-04:00,25.699815793412192,25.88003889785411,25.57726265239879,25.83678436279297,916600,0.0,0.0
2013-08-09 00:00:00-04:00,25.836770598699715,25.92327687275094,25.497950462853854,25.52678680419922,1468800,0.0,0.0
2013-08-12 00:00:00-04:00,25.425867273916126,25.505165852950675,25.332150521422076,25.368194580078125,1385500,0.0,0.0
2013-08-13 00:00:00-04:00,25.44028637973958,25.44028637973958,25.187972459929345,25.267271041870117,990100,0.0,0.0
2013-08-14 00:00:00-04:00,25.238433447550694,25.303313852299578,24.856361480688015,24.993330001831055,863700,0.0,0.0
2013-08-15 00:00:00-04:00,24.849152784444,24.885196841212903,24.539168946257977,24.560794830322266,1124600,0.0,0.0
2013-08-16 00:00:00-04:00,24.51754749375208,24.58242791493462,24.128267716642902,24.243610382080078,1129200,0.0,0.0
2013-08-19 00:00:00-04:00,24.22197473697667,24.351735541816407,23.998499934185666,24.034543991088867,908100,0.0,0.0
2013-08-20 00:00:00-04:00,23.99850645833649,24.503131642122753,23.99850645833649,24.330116271972656,1167300,0.0,0.0
2013-08-21 00:00:00-04:00,24.27965508289915,24.510340419792424,23.962463432167436,24.09943199157715,1347900,0.0,0.0
2013-08-22 00:00:00-04:00,24.085009919328684,24.27244069399901,24.005711331973114,24.229188919067383,1010200,0.0,0.0
2013-08-23 00:00:00-04:00,24.25802566930304,24.52475503573034,24.1210543797975,24.409412384033203,1123600,0.0,0.0
2013-08-26 00:00:00-04:00,24.380578937916077,24.445459359098617,24.22198174169519,24.243610382080078,1240600,0.0,0.0
2013-08-27 00:00:00-04:00,24.063388027882866,24.3445356115692,24.048969850516112,24.171520233154297,1130900,0.0,0.0
2013-08-28 00:00:00-04:00,24.171513302414272,24.301274111522368,24.048962954915158,24.19314193725586,1246500,0.0,0.0
2013-08-29 00:00:00-04:00,24.121053981766934,24.301277043943887,24.063384031862867,24.229188919067383,2510000,0.0,0.0
2013-08-30 00:00:00-04:00,24.322901266621596,24.50312429608683,24.236392232488946,24.373363494873047,2953400,0.0,0.0
2013-09-03 00:00:00-04:00,24.546373409728865,24.704970538509336,23.948034446576443,23.955242156982422,2710700,0.0,0.0
2013-09-04 00:00:00-04:00,23.962460866363795,23.97687629213821,23.65968467537009,23.811071395874023,1518600,0.0,0.0
2013-09-05 00:00:00-04:00,23.767819550382974,23.861533567576988,23.60922236746105,23.674102783203125,1067800,0.0,0.0
2013-09-06 00:00:00-04:00,23.76781836808586,24.048965905654274,23.760607905592174,23.897579193115234,1785800,0.0,0.0
2013-09-09 00:00:00-04:00,23.977849596244234,24.24054102440101,23.824613857677384,24.138383865356445,1537300,0.4,0.0
2013-09-10 00:00:00-04:00,24.218648112959862,24.364588103932206,24.072710905561316,24.27702522277832,1059800,0.0,0.0
2013-09-11 00:00:00-04:00,24.225942585364297,24.225942585364297,23.795421215078495,24.021625518798828,1519400,0.0,0.0
2013-09-12 00:00:00-04:00,24.050811208769943,24.196751157941023,23.824606931949127,23.89027976989746,996300,0.0,0.0
2013-09-13 00:00:00-04:00,23.948653784742955,24.050810912833803,23.853792401413035,23.977842330932617,932600,0.0,0.0
2013-09-16 00:00:00-04:00,24.34269293624328,24.60538430777548,24.196752976106147,24.37188148498535,2280800,0.0,0.0
2013-09-17 00:00:00-04:00,24.35728585972412,24.656461508804586,24.35728585972412,24.532411575317383,1643900,0.0,0.0
2013-09-18 00:00:00-04:00,24.517821833157033,25.546694649036915,24.444853235435907,25.42264747619629,2521000,0.0,0.0
2013-09-19 00:00:00-04:00,25.459120069438114,25.641544263439332,25.34236869662023,25.371557235717773,2465700,0.0,0.0
2013-09-20 00:00:00-04:00,25.51750268728942,25.853162609063528,25.218327055521556,25.247512817382812,3830400,0.0,0.0
2013-09-23 00:00:00-04:00,25.19643463880156,25.67803451151597,25.123466057676595,25.561283111572266,1367900,0.0,0.0
2013-09-24 00:00:00-04:00,25.590477478419484,25.962624564097325,25.56128892590091,25.8239803314209,2911700,0.0,0.0
2013-09-25 00:00:00-04:00,25.83127642253122,26.247203514144452,25.809383618422466,25.860462188720703,4381300,0.0,0.0
2013-09-26 00:00:00-04:00,25.860457432089053,25.969913081780202,25.524797522276305,25.656143188476562,1677300,0.0,0.0
2013-09-27 00:00:00-04:00,25.56128426077834,25.751007033949676,25.40804856338285,25.546689987182617,1937400,0.0,0.0
2013-09-30 00:00:00-04:00,25.44453749879791,25.634260306590555,25.342380348558905,25.42264747619629,1633900,0.0,0.0
2013-10-01 00:00:00-04:00,25.473722850608226,25.597772791435876,25.3350814189286,25.444534301757812,1225100,0.0,0.0
2013-10-02 00:00:00-04:00,25.356969768250035,25.532098266241743,25.196435543722057,25.4956111907959,1629800,0.0,0.0
2013-10-03 00:00:00-04:00,25.39345252549022,25.39345252549022,25.035902589742744,25.196434020996094,1413700,0.0,0.0
2013-10-04 00:00:00-04:00,25.196440636266246,25.44453776814737,25.138066314186126,25.203739166259766,644500,0.0,0.0
2013-10-07 00:00:00-04:00,25.116172880208463,25.240222834836228,24.970235686867852,24.97753143310547,903000,0.0,0.0
2013-10-08 00:00:00-04:00,25.043203577325038,25.481020712147593,24.941046431438007,25.094282150268555,1248600,0.0,0.0
2013-10-09 00:00:00-04:00,25.094277109796607,25.481015593994808,25.094277109796607,25.320484161376953,1676900,0.0,0.0
2013-10-10 00:00:00-04:00,25.45183830242644,25.838576915329714,25.19644262043986,25.7947940826416,1272900,0.0,0.0
2013-10-11 00:00:00-04:00,25.72182450611264,26.021000225904615,25.64885590463117,25.93343734741211,1047200,0.0,0.0
2013-10-14 00:00:00-04:00,25.977212677974084,25.977212677974084,25.524801307074863,25.92613410949707,1407000,0.0,0.0
2013-10-15 00:00:00-04:00,25.809378633823304,25.84586292219388,25.408045894601386,25.605064392089844,1619500,0.0,0.0
2013-10-16 00:00:00-04:00,25.612363423563757,25.75100763416819,25.415347684362015,25.641551971435547,1708700,0.0,0.0
2013-10-17 00:00:00-04:00,25.597775187791886,26.203422323483373,25.510209533043113,26.15234375,2447800,0.0,0.0
2013-10-18 00:00:00-04:00,26.210723402121065,26.320179101038867,26.115864765537957,26.181537628173828,1299800,0.0,0.0
2013-10-21 00:00:00-04:00,26.174232167984844,26.232609267573437,25.904245041320902,26.06477928161621,1816600,0.0,0.0
2013-10-22 00:00:00-04:00,26.064776781516585,26.34205962724583,26.00639968752745,26.23990249633789,2822200,0.0,0.0
2013-10-23 00:00:00-04:00,26.225301845492602,26.655823066464638,26.196116089168342,26.356647491455078,1184300,0.0,0.0
2013-10-24 00:00:00-04:00,26.451510915744553,26.451510915744553,26.18152385959107,26.276382446289062,1557200,0.0,0.0
2013-10-25 00:00:00-04:00,26.29829035771942,26.64854471434084,26.21802321240685,26.619356155395508,945000,0.0,0.0
2013-10-28 00:00:00-04:00,26.63393096923079,26.73608806730287,26.487991064739752,26.64852523803711,1058600,0.0,0.0
2013-10-29 00:00:00-04:00,26.714209891116486,26.75798993335923,26.54637990084807,26.692319869995117,1020100,0.0,0.0
2013-10-30 00:00:00-04:00,26.706909323127114,26.83825500697636,26.356655094053515,26.42962646484375,1063100,0.0,0.0
2013-10-31 00:00:00-04:00,26.44421540030496,26.473401159155706,25.87504995733994,26.400432586669922,1727200,0.0,0.0
2013-11-01 00:00:00-04:00,26.473416144243036,26.619356155395508,26.34207041256323,26.619356155395508,1149600,0.0,0.0
2013-11-04 00:00:00-05:00,26.670426171994126,26.728803271127,26.349360477483195,26.685020446777344,741600,0.0,0.0
2013-11-05 00:00:00-05:00,26.641234814663353,26.801769036786496,26.400436265051642,26.407732009887695,974000,0.0,0.0
2013-11-06 00:00:00-05:00,26.451523639823023,26.7361051039555,26.429633614450964,26.728809356689453,971300,0.0,0.0
2013-11-07 00:00:00-05:00,26.633945063096633,26.889337943422902,26.3931436757259,26.458816528320312,1190800,0.0,0.0
2013-11-08 00:00:00-05:00,26.356656915061798,26.590159750577147,25.918839794363866,26.568269729614258,1644600,0.0,0.0
2013-11-11 00:00:00-05:00,26.560976425330256,26.604756471280336,26.378552144341928,26.531787872314453,1034000,0.0,0.0
2013-11-12 00:00:00-05:00,26.458819624450946,26.502602459161768,26.05019096811243,26.247209548950195,1004700,0.0,0.0
2013-11-13 00:00:00-05:00,26.072068443338683,26.400432586669925,25.729110028795763,26.400432586669922,1246300,0.0,0.0
2013-11-14 00:00:00-05:00,26.488000862223824,26.969600776679776,26.3639537068453,26.75798797607422,2148500,0.0,0.0
2013-11-15 00:00:00-05:00,26.67772556773488,26.96230697631836,26.590159916191205,26.96230697631836,1253000,0.0,0.0
2013-11-18 00:00:00-05:00,26.962310870037086,27.144735161737508,26.81637087996199,27.02068519592285,1309800,0.0,0.0
2013-11-19 00:00:00-05:00,26.955009202770114,27.100949175861942,26.860150586297873,26.97690200805664,1371300,0.0,0.0
2013-11-20 00:00:00-05:00,26.940412228270766,27.08635218674264,26.736097956554055,26.75798797607422,1519100,0.0,0.0
2013-11-21 00:00:00-05:00,26.765293475188646,27.225003489842248,26.582869175485108,26.8090763092041,2145600,0.0,0.0
2013-11-22 00:00:00-05:00,26.77988077916757,26.940412228270766,26.699613662829382,26.75798797607422,1858700,0.0,0.0
2013-11-25 00:00:00-05:00,26.84555544691203,26.911228293511744,26.648536907112888,26.699615478515625,791200,0.0,0.0
2013-11-26 00:00:00-05:00,26.655830755360537,26.736097871443206,26.42232793597814,26.42962646484375,1370800,0.0,0.0
2013-11-27 00:00:00-05:00,26.451523877119453,26.531791015635648,26.130458106628627,26.247209548950195,948800,0.0,0.0
2013-11-29 00:00:00-05:00,26.210723664953832,26.327477896209757,26.108566496178977,26.159645080566406,766700,0.0,0.0
2013-12-02 00:00:00-05:00,26.218008653526123,26.44421568437822,25.948021592141302,26.312870025634766,1427700,0.0,0.0
2013-12-03 00:00:00-05:00,26.247208858659423,26.502601762154267,26.174237469393837,26.49530601501465,1987300,0.0,0.0
2013-12-04 00:00:00-05:00,26.3493578452531,26.69961205434101,26.247200715549084,26.67042350769043,1427400,0.0,0.0
2013-12-05 00:00:00-05:00,26.568271143227378,26.63394399318365,26.283689721274712,26.334768295288086,1704900,0.0,0.0
2013-12-06 00:00:00-05:00,26.473407050422292,26.73609842354538,26.203419931856114,26.590158462524414,1790400,0.0,0.0
2013-12-09 00:00:00-05:00,26.59015935491203,26.67869405635984,26.302419464356074,26.35406494140625,1956900,0.4,0.0
2013-12-10 00:00:00-05:00,26.33192954501591,26.398331275701647,25.970411200312704,25.999923706054688,2581100,0.0,0.0
2013-12-11 00:00:00-05:00,26.03681994353928,26.103221692109113,25.660542430154166,25.68267822265625,1512600,0.0,0.0
2013-12-12 00:00:00-05:00,25.65316665115595,26.073710136054547,25.608897878994085,25.911394119262695,2299700,0.0,0.0
2013-12-13 00:00:00-05:00,25.985164218579477,25.999920469613627,25.763823267534327,25.837604522705078,1489400,0.0,0.0
2013-12-16 00:00:00-05:00,25.87450545500792,26.14011246491395,25.87450545500792,26.007308959960938,2542800,0.0,0.0
2013-12-17 00:00:00-05:00,25.992552702247448,26.162245444249994,25.904017970434897,26.007308959960938,1365300,0.0,0.0
2013-12-18 00:00:00-05:00,26.01468189206592,26.53113957893292,25.7048089686265,26.486873626708984,1906000,0.0,0.0
2013-12-19 00:00:00-05:00,26.413085031492656,26.44997425294892,26.09583266092785,26.40570831298828,1706100,0.0,0.0
2013-12-20 00:00:00-05:00,26.472110966633537,26.877898045830953,26.457354714639614,26.671316146850586,3266300,0.0,0.0
2013-12-23 00:00:00-05:00,26.767232216303437,26.88527943830878,26.413090550287425,26.457359313964844,1715600,0.0,0.0
2013-12-24 00:00:00-05:00,26.457356905398438,26.663938821484486,26.31717390708217,26.590160369873047,373500,0.0,0.0
2013-12-26 00:00:00-05:00,26.634427524360856,26.693452539903994,26.41308934500939,26.523759841918945,767600,0.0,0.0
2013-12-27 00:00:00-05:00,26.51637730049212,26.634424503722887,26.38357384504909,26.560646057128906,656000,0.0,0.0
2013-12-30 00:00:00-05:00,26.501622553253714,26.71558400078096,26.479489580912098,26.663938522338867,872000,0.0,0.0
2013-12-31 00:00:00-05:00,26.745093588259763,26.80411859401948,26.61229013976758,26.678691864013672,1051300,0.0,0.0
2014-01-02 00:00:00-05:00,26.59754044966647,26.64180921490691,26.16962031021377,26.213886260986328,1394300,0.0,0.0
2014-01-03 00:00:00-05:00,26.28766794937111,26.331933900839097,25.985171751645556,26.11797523498535,1206500,0.0,0.0
2014-01-06 00:00:00-05:00,26.339307590460088,26.42784228821619,26.132722876406117,26.383573532104492,2837500,0.0,0.0
2014-01-07 00:00:00-05:00,26.420467184048583,26.74509630530468,26.420467184048583,26.722963333129883,1653700,0.0,0.0
2014-01-08 00:00:00-05:00,26.663938116498933,26.700827341329315,26.413087447397913,26.51637840270996,1618500,0.0,0.0
2014-01-09 00:00:00-05:00,26.575404116657253,26.627049595678766,26.457356905398438,26.590160369873047,1226300,0.0,0.0
2014-01-10 00:00:00-05:00,26.686060065054658,27.047581073777557,26.553259473415903,26.944290161132812,2106600,0.0,0.0
2014-01-13 00:00:00-05:00,26.88528123385567,26.98119548766187,26.590164566366703,26.730344772338867,1363400,0.0,0.0
2014-01-14 00:00:00-05:00,26.745098912648476,26.92217115071182,26.678697175183192,26.78936767578125,1420000,0.0,0.0
2014-01-15 00:00:00-05:00,26.789366782927765,26.85576851817997,26.509003588033163,26.523759841918945,1351800,0.0,0.0
2014-01-16 00:00:00-05:00,26.523765824847466,26.70083528248289,26.47949705320447,26.686079025268555,1057000,0.0,0.0
2014-01-17 00:00:00-05:00,26.708205369601753,26.74509459235292,26.619670672105496,26.671316146850586,826200,0.0,0.0
2014-01-21 00:00:00-05:00,26.796738708368196,27.04758935061094,26.73771651785251,27.032833099365234,914000,0.0,0.0
2014-01-22 00:00:00-05:00,27.062358064162257,27.180405314021925,26.900042040179546,27.025468826293945,1688200,0.0,0.0
2014-01-23 00:00:00-05:00,26.90741539001465,26.995950103436826,26.730343148702495,26.90741539001465,1414400,0.0,0.0
2014-01-24 00:00:00-05:00,26.818878510581165,26.959061525895894,26.49424934387207,26.49424934387207,1787600,0.0,0.0
2014-01-27 00:00:00-05:00,26.553266760763304,26.870516301896263,26.47210878870743,26.745092391967773,2037000,0.0,0.0
2014-01-28 00:00:00-05:00,26.767228388477093,26.96643357483663,26.708206193148737,26.951677322387695,1117400,0.0,0.0
2014-01-29 00:00:00-05:00,26.877897680008374,27.106615361100303,26.804119235510207,27.018077850341797,1613100,0.0,0.0
2014-01-30 00:00:00-05:00,27.08448348242511,27.512406402739796,27.032838000934394,27.490270614624023,1209600,0.0,0.0
2014-01-31 00:00:00-05:00,27.350088831994405,27.99197036063415,27.18777286277637,27.91819190979004,2720100,0.0,0.0
2014-02-03 00:00:00-05:00,27.925574882359953,28.28709612717222,27.733749178529937,27.7853946685791,3280600,0.0,0.0
2014-02-04 00:00:00-05:00,27.888670524531097,27.888670524531097,27.372213089648437,27.460750579833984,3733400,0.0,0.0
2014-02-05 00:00:00-05:00,27.431248421362383,27.453381395016923,27.106619278402633,27.24679946899414,2168200,0.0,0.0
2014-02-06 00:00:00-05:00,27.246794975653376,27.453376867608196,27.13612449669633,27.423864364624023,1439300,0.0,0.0
2014-02-07 00:00:00-05:00,27.512405897206097,27.645209365589896,27.42386837530516,27.62307357788086,1225400,0.0,0.0
2014-02-10 00:00:00-05:00,27.54928785681754,27.79275894165039,27.29843723987247,27.79275894165039,1242800,0.0,0.0
2014-02-11 00:00:00-05:00,27.741117910772957,28.17641749759554,27.711608221005818,28.139528274536133,1262500,0.0,0.0
2014-02-12 00:00:00-05:00,28.110021795488674,28.220692302855667,28.014110357869725,28.06575584411621,814500,0.0,0.0
2014-02-13 00:00:00-05:00,27.98459493865665,28.331359865527908,27.925569923671063,28.3239803314209,1349000,0.0,0.0
2014-02-14 00:00:00-05:00,28.287093289642772,28.515811018680353,28.220691549887853,28.501054763793945,761900,0.0,0.0
2014-02-18 00:00:00-05:00,28.582209139860378,28.79616777245604,28.52318412778745,28.6928768157959,1224400,0.0,0.0
2014-02-19 00:00:00-05:00,28.611711903406327,28.774027832836317,28.15427942847348,28.235437393188477,2192000,0.0,0.0
2014-02-20 00:00:00-05:00,28.3461130954738,28.700257553836753,28.235445414894528,28.63385581970215,2454400,0.0,0.0
2014-02-21 00:00:00-05:00,30.24963320399009,31.164501397793813,29.452812246696382,30.16109848022461,5257700,0.0,0.0
2014-02-24 00:00:00-05:00,30.234872116140085,30.66279503915017,30.14633740652229,30.17584991455078,3494300,0.0,0.0
2014-02-25 00:00:00-05:00,29.836463820588445,30.161095803026683,29.792197869868957,29.873355865478516,2362500,0.0,0.0
2014-02-26 00:00:00-05:00,29.947132519932925,30.00615472215469,29.71841480196279,29.836462020874023,1246300,0.0,0.0
2014-02-27 00:00:00-05:00,29.814328955356345,30.028290418497512,29.533965755877148,29.62250328063965,1298500,0.0,0.0
2014-02-28 00:00:00-05:00,29.68151997724975,29.96925984318766,29.629874504618186,29.81432342529297,1146800,0.0,0.0
2014-03-03 00:00:00-05:00,29.755311861720962,29.954514290466516,29.6077521095847,29.77744483947754,1695600,0.0,0.0
2014-03-04 00:00:00-05:00,30.028290188876003,30.242251650381046,29.998777680847514,30.17584991455078,2014600,0.0,0.0
2014-03-05 00:00:00-05:00,30.131590659008985,30.161103176348657,29.865983631889048,29.947141647338867,1322200,0.0,0.0
2014-03-06 00:00:00-05:00,29.98401831155941,30.065176292971785,29.629876695415092,29.73316764831543,1072800,0.0,0.0
2014-03-07 00:00:00-05:00,29.725787261470035,29.792188982208057,29.209329746226203,29.430667877197266,4070700,0.0,0.0
2014-03-10 00:00:00-04:00,29.408318086861467,29.631898248898622,29.371055200351275,29.5499210357666,1649400,0.4,0.0
2014-03-11 00:00:00-04:00,29.55737247587824,29.61699536867535,29.289075144243252,29.5499210357666,1317400,0.0,0.0
2014-03-12 00:00:00-04:00,29.542466533374217,29.959818250927814,29.490297924052015,29.952363967895508,1371200,0.0,0.0
2014-03-13 00:00:00-04:00,29.974724415657125,30.466601912925086,29.922555805566283,30.436790466308594,1988200,0.0,0.0
2014-03-14 00:00:00-04:00,30.42188588446736,30.749803280624526,30.317548660370814,30.660371780395508,1635700,0.0,0.0
2014-03-17 00:00:00-04:00,30.705088951998082,30.78706901178141,30.46660305606994,30.660371780395508,1774400,0.0,0.0
2014-03-18 00:00:00-04:00,30.675263721334602,30.816863769988537,30.57092654411856,30.63054656982422,1768100,0.0,0.0
2014-03-19 00:00:00-04:00,30.667822744467593,30.76470567465613,29.974722296014512,30.175945281982422,1356000,0.0,0.0
2014-03-20 00:00:00-04:00,29.676621225608827,29.952370051313896,29.38596667378773,29.907655715942383,2750700,0.0,0.0
2014-03-21 00:00:00-04:00,30.049252226647717,30.38462391638231,29.989632172348355,30.168495178222656,3326600,0.0,0.0
2014-03-24 00:00:00-04:00,30.168488746127437,30.36226027798365,29.915097172683197,30.220657348632812,1596200,0.0,0.0
2014-03-25 00:00:00-04:00,30.265374094177474,30.32499413494232,30.01943396321161,30.190845489501953,1624700,0.0,0.0
2014-03-26 00:00:00-04:00,30.2206663387719,30.436795095146334,29.98963469979881,30.00453758239746,1284000,0.0,0.0
2014-03-27 00:00:00-04:00,29.982171082361635,30.213205492392397,29.80330811709153,30.190845489501953,1255500,0.0,0.0
2014-03-28 00:00:00-04:00,30.16849083104423,30.429336704573554,30.093965063164887,30.4069766998291,1330700,0.0,0.0
2014-03-31 00:00:00-04:00,30.556033272307435,30.906310661034993,30.421884606112883,30.705087661743164,1350300,0.0,0.0
2014-04-01 00:00:00-04:00,30.645465998551124,30.65292028195885,30.19085137186812,30.377168655395508,1451500,0.0,0.0
2014-04-02 00:00:00-04:00,30.421880529280543,30.451691971767865,30.138677511602264,30.235563278198242,1502600,0.0,0.0
2014-04-03 00:00:00-04:00,30.23557683127896,30.384631267553498,30.064165224605155,30.2504825592041,1451700,0.0,0.0
2014-04-04 00:00:00-04:00,30.332451611584357,30.511314595692742,30.056702852681337,30.108871459960938,2144700,0.0,0.0
2014-04-07 00:00:00-04:00,30.071607773332563,30.265379336074155,29.616995999464205,29.631898880004883,3624500,0.0,0.0
2014-04-08 00:00:00-04:00,29.63189940785503,30.04925114483016,29.371056349105647,30.019439697265625,4015400,0.0,0.0
2014-04-09 00:00:00-04:00,30.049250982630046,30.16104248890556,29.482847696841816,29.83312225341797,3582000,0.0,0.0
2014-04-10 00:00:00-04:00,29.877834182262404,30.429334490560596,29.75113697451493,29.937454223632812,3473300,0.0,0.0
2014-04-11 00:00:00-04:00,29.885282862782738,30.228108730176853,29.870379986047435,30.183391571044922,2576500,0.0,0.0
2014-04-14 00:00:00-04:00,30.287724626222403,30.59328473108732,30.161030290461927,30.53366470336914,2228000,0.0,0.0
2014-04-15 00:00:00-04:00,30.49641541119464,31.122441675737054,30.49641541119464,31.114990234375,2542400,0.0,0.0
2014-04-16 00:00:00-04:00,31.159703694232824,31.241680911341756,30.928669237899992,31.226778030395508,1909500,0.0,0.0
2014-04-17 00:00:00-04:00,31.152246291724843,31.211869181444776,30.53367444724775,30.548580169677734,2180800,0.0,0.0
2014-04-21 00:00:00-04:00,30.518761948303315,30.690173453723403,30.131221780102372,30.30263328552246,2007900,0.0,0.0
2014-04-22 00:00:00-04:00,30.332450659170775,30.45169359249086,30.146133398172154,30.31754493713379,1829300,0.0,0.0
2014-04-23 00:00:00-04:00,30.399525234163956,30.75725403703451,30.35480806768921,30.578388214111328,2037000,0.0,0.0
2014-04-24 00:00:00-04:00,30.58583247327078,30.854129698242875,30.362252400118997,30.64545249938965,1808900,0.0,0.0
2014-04-25 00:00:00-04:00,30.71253477016067,30.973380625627332,30.652914728580836,30.94356918334961,1122400,0.0,0.0
2014-04-28 00:00:00-04:00,30.936118750742473,31.09262742068744,30.56348420483002,30.77216148376465,2239300,0.0,0.0
2014-04-29 00:00:00-04:00,30.749799364378124,31.114982445183024,30.645462153569802,30.757253646850586,2014800,0.0,0.0
2014-04-30 00:00:00-04:00,30.63801682159835,30.958482800378963,30.63801682159835,30.787071228027344,1825000,0.0,0.0
2014-05-01 00:00:00-04:00,30.86904441875919,31.018098805719365,30.496409872846737,30.77216148376465,1413300,0.0,0.0
2014-05-02 00:00:00-04:00,30.608197299195798,30.638008741214477,29.86292830658236,29.959814071655273,1529000,0.0,0.0
2014-05-05 00:00:00-04:00,29.94490225254269,30.33244239093848,29.855470787674435,30.27281951904297,1099300,0.0,0.0
2014-05-06 00:00:00-04:00,30.265374160404555,30.392068524166817,30.026888310872174,30.056699752807617,1225700,0.0,0.0
2014-05-07 00:00:00-04:00,29.989632475426454,30.60820440454275,29.989632475426454,30.54113006591797,1634400,0.0,0.0
2014-05-08 00:00:00-04:00,30.68271923681051,30.89139646195504,29.982167494545564,30.03433609008789,2858200,0.0,0.0
2014-05-09 00:00:00-04:00,29.74367848043459,30.02688142795287,29.259252610440814,29.296518325805664,2914300,0.0,0.0
2014-05-12 00:00:00-04:00,29.326337408085895,29.52010896258627,28.87172565355244,28.87917709350586,2827100,0.0,0.0
2014-05-13 00:00:00-04:00,29.035683541755624,29.140020761195935,28.827009102875,28.92389488220215,2362800,0.0,0.0
2014-05-14 00:00:00-04:00,28.99841680004813,29.49774851052663,28.879173873258217,29.266714096069336,2120400,0.0,0.0
2014-05-15 00:00:00-04:00,29.24435700549702,29.460482856273618,29.162376960075434,29.34123992919922,2514400,0.0,0.0
2014-05-16 00:00:00-04:00,29.363598869303154,29.400861749606666,28.983510098470926,29.229450225830078,1986600,0.0,0.0
2014-05-19 00:00:00-04:00,29.177286110114352,29.192188990146292,28.715217225797122,28.722671508789062,1578000,0.0,0.0
2014-05-20 00:00:00-04:00,28.782299529928068,28.93880824337269,28.484193516128812,28.64069938659668,1626100,0.0,0.0
2014-05-21 00:00:00-04:00,28.640687832899893,28.707762156467773,28.275504772813516,28.357484817504883,2251400,0.0,0.0
2014-05-22 00:00:00-04:00,28.446911936058218,28.98350644226021,28.424554779291526,28.8642635345459,2200800,0.0,0.0
2014-05-23 00:00:00-04:00,28.931340257597178,28.998414576459243,28.78228589979532,28.797191619873047,1194500,0.0,0.0
2014-05-27 00:00:00-04:00,28.95370354563237,29.08040077162674,28.804651999252187,28.99842071533203,1917700,0.0,0.0
2014-05-28 00:00:00-04:00,29.013334391118835,29.244368900096287,28.931354312353392,29.19965171813965,2005500,0.0,0.0
2014-05-29 00:00:00-04:00,29.06549504839352,29.16983226805005,28.849366325975836,28.99842071533203,2729800,0.0,0.0
2014-05-30 00:00:00-04:00,29.013328045374948,29.341245445738416,28.976065156716217,29.326339721679688,1577000,0.0,0.0
2014-06-02 00:00:00-04:00,29.3114331966543,29.326336075884157,29.06549304472439,29.095304489135742,1559600,0.0,0.0
2014-06-03 00:00:00-04:00,28.998409660736428,29.303969763093676,28.94624107079555,29.296518325805664,1526800,0.0,0.0
2014-06-04 00:00:00-04:00,29.32634613588494,29.32634613588494,29.117671639374205,29.19965171813965,1545800,0.0,0.0
2014-06-05 00:00:00-04:00,29.23690234766033,29.53501108300318,29.169828024356967,29.520105361938477,1443900,0.0,0.0
2014-06-06 00:00:00-04:00,29.53501146255489,29.6840658321418,29.289071326290145,29.34123992919922,1424100,0.0,0.0
2014-06-09 00:00:00-04:00,29.25842810491061,29.597242174978113,29.12290247688361,29.36383628845215,1550500,0.4,0.0
2014-06-10 00:00:00-04:00,29.326189310888815,29.341248032305838,28.9647886133526,28.987375259399414,1335300,0.0,0.0
2014-06-11 00:00:00-04:00,29.0250189421012,29.107840469008718,28.66361826554255,28.68620491027832,2116800,0.0,0.0
2014-06-12 00:00:00-04:00,28.761487752134425,28.897013314157878,28.362438987440395,28.814191818237305,1133900,0.0,0.0
2014-06-13 00:00:00-04:00,28.79913800511209,29.03254381769202,28.625967062419893,28.912076950073242,1251500,0.0,0.0
2014-06-16 00:00:00-04:00,28.897020335433577,29.484295998791502,28.866902898298072,29.220775604248047,1645900,0.0,0.0
2014-06-17 00:00:00-04:00,29.085245699493473,29.228299196454373,28.979837557295287,29.115360260009766,951000,0.0,0.0
2014-06-18 00:00:00-04:00,29.07771811072835,29.875812931598325,29.040072751815675,29.84569549560547,1813500,0.0,0.0
2014-06-19 00:00:00-04:00,29.875812362412827,30.237212970971445,29.8682815674797,30.17698097229004,1801200,0.0,0.0
2014-06-20 00:00:00-04:00,30.21462666547306,30.267330741962386,29.905930129396946,29.936044692993164,1860100,0.0,0.0
2014-06-23 00:00:00-04:00,29.988753999554856,30.09416216082141,29.717702800779737,29.830638885498047,856300,0.0,0.0
2014-06-24 00:00:00-04:00,29.808047801576286,30.071568165478034,29.725226295162432,29.951101303100586,1104500,0.0,0.0
2014-06-25 00:00:00-04:00,29.860753644703294,30.222154253261913,29.860753644703294,30.17698097229004,1588900,0.0,0.0
2014-06-26 00:00:00-04:00,30.1318108873997,30.48568364444826,30.003813197169606,30.470624923706055,1364600,0.0,0.0
2014-06-27 00:00:00-04:00,30.47814858878527,30.71908234267631,30.327564274564146,30.57602882385254,1623900,0.0,0.0
2014-06-30 00:00:00-04:00,30.51579647345969,30.86214128646376,30.46309238994634,30.779319763183594,1599300,0.0,0.0
2014-07-01 00:00:00-04:00,30.628732259783746,30.839548571971903,30.493206667046547,30.696495056152344,1416500,0.0,0.0
2014-07-02 00:00:00-04:00,30.545915240649013,30.681440853332017,29.90593541465714,30.003812789916992,1516100,0.0,0.0
2014-07-03 00:00:00-04:00,29.792995032641315,29.815581676297366,29.409007729702783,29.574647903442383,870400,0.0,0.0
2014-07-07 00:00:00-04:00,29.574646405783433,30.10922087988191,29.484296963577385,29.830638885498047,1446400,0.0,0.0
2014-07-08 00:00:00-04:00,29.785464176633393,30.05651249029456,29.64993858372439,29.97369384765625,1225900,0.0,0.0
2014-07-09 00:00:00-04:00,30.01888303984738,30.086645872214643,29.725245056975357,29.92853355407715,1298100,0.0,0.0
2014-07-10 00:00:00-04:00,29.92099016706059,30.342622797573053,29.89840065317108,30.267332077026367,1083300,0.0,0.0
2014-07-11 00:00:00-04:00,30.25227119779334,30.395324705477563,29.951102592803036,30.033924102783203,874100,0.0,0.0
2014-07-14 00:00:00-04:00,30.086637698348515,30.086637698348515,29.552065983881473,29.612300872802734,1105900,0.0,0.0
2014-07-15 00:00:00-04:00,29.60477188699306,29.898409808056634,29.574654440689677,29.725238800048828,843700,0.0,0.0
2014-07-16 00:00:00-04:00,29.838174967665275,29.92099650109341,29.559592923923823,29.898406982421875,1433800,0.0,0.0
2014-07-17 00:00:00-04:00,29.830644227290023,30.00381521926019,29.740294768905045,29.823116302490234,1335100,0.0,0.0
2014-07-18 00:00:00-04:00,29.988761194287868,30.154401399378912,29.898408858248022,30.146873474121094,1543500,0.0,0.0
2014-07-21 00:00:00-04:00,30.176979630581474,30.335091851266604,29.98121918121804,30.207094192504883,1075400,0.0,0.0
2014-07-22 00:00:00-04:00,30.259797850549592,30.463086219563245,30.1543897048736,30.274856567382812,1102200,0.0,0.0
2014-07-23 00:00:00-04:00,30.289917046876447,30.297447841809575,30.161922254580503,30.17698097229004,742200,0.0,0.0
2014-07-24 00:00:00-04:00,30.22215290954488,30.3125023396283,30.033923254779747,30.207094192504883,849700,0.0,0.0
2014-07-25 00:00:00-04:00,30.15439120725096,30.26733015304878,29.86828131747806,29.943574905395508,813100,0.0,0.0
2014-07-28 00:00:00-04:00,29.8983979133799,30.49320431652602,29.830635122234685,30.478145599365234,1108400,0.0,0.0
2014-07-29 00:00:00-04:00,30.48568045066324,30.545912455164643,29.958636768530187,30.1016902923584,984100,0.0,0.0
2014-07-30 00:00:00-04:00,30.094168520357925,30.109227242600657,29.107843754640875,29.36383628845215,2415800,0.0,0.0
2014-07-31 00:00:00-04:00,29.002424454259344,29.454174459751897,28.942189588376877,28.94972038269043,1962000,0.0,0.0
2014-08-01 00:00:00-04:00,28.919614088529915,29.265956084282948,28.814205904792697,29.077726364135742,1157600,0.0,0.0
2014-08-04 00:00:00-04:00,29.062659369327378,29.085248882382217,28.362444779919688,28.87442970275879,3013600,0.0,0.0
2014-08-05 00:00:00-04:00,29.062665088985934,29.062665088985934,27.918231018517293,28.16669273376465,2635600,0.0,0.0
2014-08-06 00:00:00-04:00,27.98598334194446,27.993514136448606,27.594468192425786,27.84292984008789,2740000,0.0,0.0
2014-08-07 00:00:00-04:00,27.985995153633883,28.2946946711483,27.948349781694347,28.136579513549805,1412800,0.0,0.0
2014-08-08 00:00:00-04:00,28.21939153879013,28.716317748425638,28.21939153879013,28.708789825439453,1684500,0.0,0.0
2014-08-11 00:00:00-04:00,28.77656070905345,28.904555540891206,28.573272265407354,28.641035079956055,1119100,0.0,0.0
2014-08-12 00:00:00-04:00,28.573265910787327,28.851845032128875,28.55820719177468,28.76149559020996,1517500,0.0,0.0
2014-08-13 00:00:00-04:00,28.753960169170956,29.017483401265636,28.73137353036383,28.859371185302734,1343500,0.0,0.0
2014-08-14 00:00:00-04:00,28.934672229016577,29.122901945379077,28.889496063112862,29.085256576538086,998900,0.0,0.0
2014-08-15 00:00:00-04:00,29.107842158578155,29.40148004581649,28.987375259399414,28.987375259399414,3250600,0.0,0.0
2014-08-18 00:00:00-04:00,29.032540023160873,29.52946614616004,28.994891798323298,29.311119079589844,2029700,0.0,0.0
2014-08-19 00:00:00-04:00,29.371356185648036,29.762874240475693,29.356300339677993,29.717700958251953,1149800,0.0,0.0
2014-08-20 00:00:00-04:00,29.58970407088156,29.770405821014176,29.544530787466066,29.695112228393555,1402400,0.0,0.0
2014-08-21 00:00:00-04:00,29.755348587060904,29.90593290765831,29.68005499068369,29.762876510620117,1004000,0.0,0.0
2014-08-22 00:00:00-04:00,29.72522372657442,29.883335931252827,29.529466169185387,29.74781036376953,1113500,0.0,0.0
2014-08-25 00:00:00-04:00,29.800523695478724,30.026398732342262,29.777934181282525,29.91345977783203,1185200,0.0,0.0
2014-08-26 00:00:00-04:00,29.95863941466443,30.02640222081187,29.32618751467406,29.333715438842773,1605200,0.0,0.0
2014-08-27 00:00:00-04:00,29.43912934128948,29.619831150247016,29.34877987288962,29.544540405273438,1294000,0.0,0.0
2014-08-28 00:00:00-04:00,29.51441925541682,29.913465323594856,29.44665644457928,29.890878677368164,966800,0.0,0.0
2014-08-29 00:00:00-04:00,29.89087149582236,30.10921859741211,29.785463342546414,30.10921859741211,945100,0.0,0.0
2014-09-02 00:00:00-04:00,30.064047564890437,30.176986532442736,29.50688639560688,29.61982536315918,1167500,0.0,0.0
2014-09-03 00:00:00-04:00,29.642407987239807,30.011339408667453,29.6198213456558,29.958635330200195,1202500,0.0,0.0
2014-09-04 00:00:00-04:00,29.860755698302437,30.011340013597103,29.740288820498087,29.91345977783203,1394300,0.0,0.0
2014-09-05 00:00:00-04:00,29.988764439333842,30.35016520612693,29.936057468195074,30.32757568359375,1772500,0.0,0.0
2014-09-08 00:00:00-04:00,30.327572407100465,30.388408554756534,29.954940486707066,30.053802490234375,1224400,0.4,0.0
2014-09-09 00:00:00-04:00,30.06139496985557,30.06139496985557,29.498648479934708,29.529067993164062,1465700,0.0,0.0
2014-09-10 00:00:00-04:00,29.48344309212641,29.688770485402962,29.376977681012246,29.51386260986328,1975500,0.0,0.0
2014-09-11 00:00:00-04:00,29.582306096175174,29.825656444546627,29.491047539812143,29.734397888183594,1151600,0.0,0.0
2014-09-12 00:00:00-04:00,29.62793544789366,29.62793544789366,28.99674632498841,29.080398559570312,1557100,0.0,0.0
2014-09-15 00:00:00-04:00,29.24009951763664,29.453030389132195,29.118424319501248,29.224889755249023,886400,0.0,0.0
2014-09-16 00:00:00-04:00,29.23248920703627,29.567098132088127,29.16404673609068,29.437816619873047,809800,0.0,0.0
2014-09-17 00:00:00-04:00,29.49865640088459,29.673564297472815,29.2781192222,29.430213928222656,875700,0.0,0.0
2014-09-18 00:00:00-04:00,29.399792161976936,29.536677096848827,29.01195344714991,29.08799934387207,1033400,0.0,0.0
2014-09-19 00:00:00-04:00,29.19446677101139,29.4758400894265,29.04997839689881,29.384584426879883,1960300,0.0,0.0
2014-09-22 00:00:00-04:00,29.293324924057703,29.37697714582769,29.065184347117164,29.164043426513672,756300,0.0,0.0
2014-09-23 00:00:00-04:00,29.118416904360632,29.202069125707332,28.981531978696005,29.04997444152832,848900,0.0,0.0
2014-09-24 00:00:00-04:00,29.179247850238,29.179247850238,28.905478047576988,29.034759521484375,759200,0.0,0.0
2014-09-25 00:00:00-04:00,29.095612536174382,29.21728775233689,28.852262103849366,28.875078201293945,953100,0.0,0.0
2014-09-26 00:00:00-04:00,28.83703826984289,28.99673927017417,28.54045525645768,28.882667541503906,731200,0.0,0.0
2014-09-29 00:00:00-04:00,28.814232094903783,29.11842151138974,28.715370099401056,29.080398559570312,1115500,0.0,0.0
2014-09-30 00:00:00-04:00,29.209668445702192,29.498648014896503,29.057573782917586,29.148832321166992,1249000,0.0,0.0
2014-10-01 00:00:00-04:00,29.141228054855084,29.605115503743992,29.141228054855084,29.262903213500977,1000800,0.0,0.0
2014-10-02 00:00:00-04:00,29.186855982117322,29.620323896127005,29.186855982117322,29.247692108154297,937300,0.0,0.0
2014-10-03 00:00:00-04:00,29.39979152242736,29.62793210859598,29.087998711105094,29.57469940185547,903100,0.0,0.0
2014-10-06 00:00:00-04:00,29.597521494257542,29.83326848143369,29.56710486765886,29.772432327270508,2357100,0.0,0.0
2014-10-07 00:00:00-04:00,29.742011745036425,30.167873511974847,29.719198550654927,29.878896713256836,1666800,0.0,0.0
2014-10-08 00:00:00-04:00,29.894102311541683,30.54810463407417,29.810450075843317,30.525291442871094,1563400,0.0,0.0
2014-10-09 00:00:00-04:00,30.472054014597312,30.715404352995186,29.681163964321783,29.688770294189453,2159500,0.0,0.0
2014-10-10 00:00:00-04:00,29.840864095976496,30.266725725061107,29.79523482101824,30.09181785583496,2148000,0.0,0.0
2014-10-13 00:00:00-04:00,30.06901372357102,30.89032061338771,30.06901372357102,30.44164276123047,2636500,0.0,0.0
2014-10-14 00:00:00-04:00,30.487257225127667,31.392215920361885,30.35037232655923,30.966354370117188,2826500,0.0,0.0
2014-10-15 00:00:00-04:00,30.639354750474766,30.92072800124938,29.83325503902658,30.494863510131836,2564600,0.0,0.0
2014-10-16 00:00:00-04:00,30.18308515787941,30.266737410450308,29.665964779228332,30.099435806274414,2216500,0.0,0.0
2014-10-17 00:00:00-04:00,30.228706701693547,30.2667296519429,29.6811669350144,30.16786766052246,1574100,0.0,0.0
2014-10-20 00:00:00-04:00,30.21350293378723,30.79146233568133,30.160270212687212,30.768646240234375,1505900,0.0,0.0
2014-10-21 00:00:00-04:00,30.7914503233108,30.920728909557866,30.631749321347623,30.783843994140625,1426200,0.0,0.0
2014-10-22 00:00:00-04:00,30.943546471267783,31.179293392485196,30.692592691488606,30.951152801513672,1123500,0.0,0.0
2014-10-23 00:00:00-04:00,31.14126518587495,31.392218923279998,30.935937818381085,31.186891555786133,1424300,0.0,0.0
2014-10-24 00:00:00-04:00,31.262942984050405,31.422641094172015,31.10324487392879,31.361804962158203,731000,0.0,0.0
2014-10-27 00:00:00-04:00,31.354202270507812,31.40743498005815,31.118455341809824,31.354202270507812,861900,0.0,0.0
2014-10-28 00:00:00-04:00,31.407431351213898,31.688804626464844,31.270546427910247,31.688804626464844,836500,0.0,0.0
2014-10-29 00:00:00-04:00,31.67360501434508,31.80288363761212,31.103252003769587,31.491090774536133,1043600,0.0,0.0
2014-10-30 00:00:00-04:00,31.559530641747084,32.40365349174102,31.445458888679998,32.38084030151367,1836200,0.0,0.0
2014-10-31 00:00:00-04:00,32.418863286487934,32.47969942748023,32.0538377376386,32.198326110839844,1879400,0.0,0.0
2014-11-03 00:00:00-05:00,32.27437156470866,32.91316699157684,32.16790614372482,32.730655670166016,1743500,0.0,0.0
2014-11-04 00:00:00-05:00,32.71544078099032,32.82190618528326,32.13748158487908,32.24394989013672,1100500,0.0,0.0
2014-11-05 00:00:00-05:00,32.365633372587304,33.02724205574857,32.28958456356763,33.00442886352539,2445100,0.0,0.0
2014-11-06 00:00:00-05:00,33.55195959329277,33.62800838828142,31.856110628072084,32.259159088134766,2067000,0.0,0.0
2014-11-07 00:00:00-05:00,32.25916423612006,32.966402187070045,32.18311832996075,32.93598556518555,1272300,0.0,0.0
2014-11-10 00:00:00-05:00,32.82191686973763,32.98161502816327,32.63179918562169,32.9435920715332,1362100,0.0,0.0
2014-11-11 00:00:00-05:00,32.9740085182652,33.11089347012425,32.76107766024683,32.93598556518555,933300,0.0,0.0
2014-11-12 00:00:00-05:00,32.66220107020995,32.69262057947045,32.228733216622125,32.4872932434082,2007900,0.0,0.0
2014-11-13 00:00:00-05:00,32.449281870995335,32.69263515259279,32.137489014500126,32.236351013183594,1311300,0.0,0.0
2014-11-14 00:00:00-05:00,32.16029963709951,32.25155528907395,31.992995191008983,32.09946060180664,1518100,0.0,0.0
2014-11-17 00:00:00-05:00,32.061436437246996,32.78388399859795,32.061436437246996,32.7458610534668,1337400,0.0,0.0
2014-11-18 00:00:00-05:00,32.77627637137394,33.16411793886536,32.616578267566716,32.95118713378906,1668700,0.0,0.0
2014-11-19 00:00:00-05:00,32.791491810314575,32.86754061170671,32.52532825785498,32.730655670166016,1062300,0.0,0.0
2014-11-20 00:00:00-05:00,32.60897772673448,32.669813861729864,32.33520786684299,32.441673278808594,1251200,0.0,0.0
2014-11-21 00:00:00-05:00,32.745865073686495,32.79909778359846,32.2591614529748,32.57095718383789,1131200,0.0,0.0
2014-11-24 00:00:00-05:00,32.54814854178439,32.65461398597279,32.2515654041265,32.3047981262207,1060900,0.0,0.0
2014-11-25 00:00:00-05:00,32.37323596490982,32.37323596490982,31.985397202329093,32.236351013183594,1591700,0.0,0.0
2014-11-26 00:00:00-05:00,32.38084030151367,32.47969939314228,32.08425432373228,32.38084030151367,1095100,0.0,0.0
2014-11-28 00:00:00-05:00,32.555741582287695,33.02723245732251,32.47969279536944,32.78388214111328,612600,0.0,0.0
2014-12-01 00:00:00-05:00,32.59377292859278,33.110893209102535,32.380842072253,32.852333068847656,1348900,0.0,0.0
2014-12-02 00:00:00-05:00,32.66220021549616,33.27057587996559,32.53291875500416,33.103271484375,1264400,0.0,0.0
2014-12-03 00:00:00-05:00,33.06526060763422,33.40747295024875,32.96639861955335,33.34663391113281,1383700,0.0,0.0
2014-12-04 00:00:00-05:00,33.361842084707796,33.437890879986945,32.94358386404967,33.14130783081055,1566500,0.0,0.0
2014-12-05 00:00:00-05:00,32.89035303264461,33.1793326692479,32.56335044671683,32.920772552490234,1458700,0.0,0.0
2014-12-08 00:00:00-05:00,32.96683623602141,33.76528851743756,32.89773934765457,33.72690200805664,1663700,0.41,0.0
2014-12-09 00:00:00-05:00,33.62709402614505,33.89580544350742,33.35838553748557,33.68083572387695,1394700,0.0,0.0
2014-12-10 00:00:00-05:00,33.69618698547313,33.90347762200738,33.020573384402525,33.0666389465332,2070800,0.0,0.0
2014-12-11 00:00:00-05:00,33.11269970159834,33.64244041003575,33.074313203080045,33.28927993774414,1134900,0.0,0.0
2014-12-12 00:00:00-05:00,33.197157124174076,33.53496246594753,32.93612479185287,32.95147705078125,1104700,0.0,0.0
2014-12-15 00:00:00-05:00,33.035924919329844,33.24321553294606,32.46011863551888,32.59831237792969,1520300,0.0,0.0
2014-12-16 00:00:00-05:00,32.629025860197736,33.28928426384354,32.360317406947686,32.75954055786133,1582300,0.0,0.0
2014-12-17 00:00:00-05:00,32.828646619412616,33.84974488481827,32.828646619412616,33.82671356201172,2130700,0.0,0.0
2014-12-18 00:00:00-05:00,33.88044630397655,34.59444640911037,33.734573488253005,34.55605697631836,1720000,0.0,0.0
2014-12-19 00:00:00-05:00,34.56373374129917,34.978314986847025,34.486957809511225,34.640506744384766,2733300,0.0,0.0
2014-12-22 00:00:00-05:00,34.64050953790386,34.878510552586114,34.51767096583941,34.863155364990234,1700400,0.0,0.0
2014-12-23 00:00:00-05:00,34.9936760225583,35.27773969590037,34.7710301762105,35.03206253051758,1122900,0.0,0.0
2014-12-24 00:00:00-05:00,35.03205838336218,36.06850861908016,35.03205838336218,35.96102523803711,1233000,0.0,0.0
2014-12-26 00:00:00-05:00,36.04548165922047,36.68270589329155,36.04548165922047,36.46773910522461,1839000,0.0,0.0
2014-12-29 00:00:00-05:00,36.48310798609326,36.95910730775402,36.48310798609326,36.79020309448242,2024500,0.0,0.0
2014-12-30 00:00:00-05:00,36.66735192967251,36.682707119147985,36.022448615217584,36.199031829833984,1287700,0.0,0.0
2014-12-31 00:00:00-05:00,36.29115301681612,36.3909602647457,35.37754138505224,35.41592788696289,1345700,0.0,0.0
2015-01-02 00:00:00-05:00,35.538774599179234,35.60019243057863,34.92458164167006,35.30845260620117,2556900,0.0,0.0
2015-01-05 00:00:00-05:00,35.30077237570651,35.43129002224264,34.786386706077415,34.95528793334961,2536000,0.0,0.0
2015-01-06 00:00:00-05:00,35.03974383818374,35.56180862393941,34.49464772998989,34.54838943481445,2943900,0.0,0.0
2015-01-07 00:00:00-05:00,34.73265516561556,34.97833241232358,34.41020194887142,34.81710433959961,2893500,0.0,0.0
2015-01-08 00:00:00-05:00,35.11651316318457,35.22399655253787,34.90922251427348,34.9399299621582,1661500,0.0,0.0
2015-01-09 00:00:00-05:00,34.95529175097278,34.95529175097278,34.394840451585736,34.54838943481445,1154800,0.0,0.0
2015-01-12 00:00:00-05:00,34.57140417532685,34.67121140585918,34.271985412431704,34.410179138183594,983200,0.0,0.0
2015-01-13 00:00:00-05:00,34.648195965305064,35.23935763431773,34.440905281726344,34.70961380004883,1872600,0.0,0.0
2015-01-14 00:00:00-05:00,34.60980508555982,35.093480357511865,34.5253530108277,35.03206253051758,1325600,0.0,0.0
2015-01-15 00:00:00-05:00,35.11650558614846,35.42360049965323,34.93224629508394,35.3545036315918,1347600,0.0,0.0
2015-01-16 00:00:00-05:00,35.34682680105653,35.75372894449806,35.16256751365353,35.73069763183594,992600,0.0,0.0
2015-01-20 00:00:00-05:00,35.899606539697245,35.937995974007016,35.070446889513285,35.5157356262207,2037100,0.0,0.0
2015-01-21 00:00:00-05:00,35.4159239636559,35.72301887362409,35.10882612498567,35.66927719116211,1372500,0.0,0.0
2015-01-22 00:00:00-05:00,35.815155320269184,35.93031483040714,35.28541161604614,35.546443939208984,1250100,0.0,0.0
2015-01-23 00:00:00-05:00,35.6539338621421,35.91496623320067,35.538774330874,35.56948471069336,999600,0.0,0.0
2015-01-26 00:00:00-05:00,35.40057531813847,35.53876907819738,35.10115648091169,35.47734832763672,1347800,0.0,0.0
2015-01-27 00:00:00-05:00,35.37754400102951,35.83050885725279,35.331478438109016,35.47734832763672,1221300,0.0,0.0
2015-01-28 00:00:00-05:00,35.454328821621814,35.876586371936305,34.92458785072221,35.009037017822266,1400100,0.0,0.0
2015-01-29 00:00:00-05:00,35.05509271877471,35.78444806128544,34.9476093284747,35.707672119140625,1127900,0.0,0.0
2015-01-30 00:00:00-05:00,35.53109332156075,35.623224455962536,34.71728880193165,34.76335144042969,1893800,0.0,0.0
2015-02-02 00:00:00-05:00,34.901541869628645,35.05509081688485,34.3641220185832,34.863155364990234,1591500,0.0,0.0
2015-02-03 00:00:00-05:00,34.809412643696895,35.05508978056293,34.70192926240582,34.878509521484375,2234600,0.0,0.0
2015-02-04 00:00:00-05:00,34.7019322018612,34.916898982652285,34.1338019442955,34.22593307495117,1948800,0.0,0.0
2015-02-05 00:00:00-05:00,34.3794705772214,34.747986222358556,34.22592458827409,34.6481819152832,1470400,0.0,0.0
2015-02-06 00:00:00-05:00,34.463923449675484,34.463923449675484,32.75953598768452,32.92844009399414,1977800,0.0,0.0
2015-02-09 00:00:00-05:00,32.96682793884839,33.12037686642945,32.060892487692556,32.39870071411133,3172600,0.0,0.0
2015-02-10 00:00:00-05:00,32.452438666495794,33.3123084618569,32.391017931047635,33.273921966552734,2071800,0.0,0.0
2015-02-11 00:00:00-05:00,33.04361839370924,33.12807048744097,32.582971408455265,32.61368179321289,1869200,0.0,0.0
2015-02-12 00:00:00-05:00,32.61367542593435,32.84399740924305,32.30658042442372,32.751869201660156,2096800,0.0,0.0
2015-02-13 00:00:00-05:00,32.60599067111277,32.67508754069913,31.63095836859508,31.891990661621094,2170500,0.0,0.0
2015-02-17 00:00:00-05:00,31.830580921749412,32.46012909392213,31.584903729130946,31.991806030273438,2712700,0.0,0.0
2015-02-18 00:00:00-05:00,32.03786302834535,32.90541203000584,31.907348336002087,32.8363151550293,1706100,0.0,0.0
2015-02-19 00:00:00-05:00,32.89005200905763,33.04360092295819,32.45243950809728,32.636695861816406,1315800,0.0,0.0
2015-02-20 00:00:00-05:00,32.63670468797233,33.01289948233041,32.5906420514365,32.9898681640625,2686400,0.0,0.0
2015-02-23 00:00:00-05:00,32.95914496092379,33.15875647520502,32.759530517940966,33.10501480102539,2286500,0.0,0.0
2015-02-24 00:00:00-05:00,32.99753944842921,33.40444163115915,32.95915294738526,33.005218505859375,2554600,0.0,0.0
2015-02-25 00:00:00-05:00,33.18947824056892,33.95722005393957,32.98986665772169,33.11270523071289,3232800,0.0,0.0
2015-02-26 00:00:00-05:00,33.29696087351312,33.39676812703292,32.636702460340295,32.65205764770508,1627200,0.0,0.0
2015-02-27 00:00:00-05:00,32.70580261024119,32.71348166904288,32.42173893733814,32.559932708740234,1814300,0.0,0.0
2015-03-02 00:00:00-05:00,32.47547760995012,32.55992967668735,31.95341295075865,32.39102554321289,2959600,0.0,0.0
2015-03-03 00:00:00-05:00,32.30657640517821,32.467801480566074,31.961092008845245,32.39102554321289,1583900,0.0,0.0
2015-03-04 00:00:00-05:00,32.1990839298362,32.283535980408935,31.930375522288404,32.060890197753906,1678400,0.0,0.0
2015-03-05 00:00:00-05:00,32.18374067653149,32.54458032504007,32.15303322478638,32.36800003051758,1173700,0.0,0.0
2015-03-06 00:00:00-05:00,31.853609067611828,31.907350760154106,31.28547883811869,31.439027786254883,2375500,0.0,0.0
2015-03-09 00:00:00-04:00,31.640662635033294,31.9896411299334,31.415765054061854,31.888824462890625,1912600,0.41,0.0
2015-03-10 00:00:00-04:00,31.718205677956185,32.33085334529827,31.6484099996107,32.16024398803711,4040500,0.0,0.0
2015-03-11 00:00:00-04:00,32.14473593708738,32.23004210132347,31.52433150399084,31.58637046813965,2764600,0.0,0.0
2015-03-12 00:00:00-04:00,31.749226909511357,32.54024369181816,31.69494170508732,32.39289855957031,1620000,0.0,0.0
2015-03-13 00:00:00-04:00,32.276574299825754,32.30759526463146,31.501067929615377,31.896577835083008,1249100,0.0,0.0
2015-03-16 00:00:00-04:00,32.05944002824484,32.687601381751605,32.03617577903732,32.478214263916016,1374100,0.0,0.0
2015-03-17 00:00:00-04:00,32.44718399822363,32.834937151664,32.330856868862796,32.439430236816406,1159400,0.0,0.0
2015-03-18 00:00:00-04:00,32.49372161797808,33.43983748054972,32.22229258398402,33.199432373046875,1512800,0.0,0.0
2015-03-19 00:00:00-04:00,33.106372265249796,33.416576056498684,32.594538080514944,32.75739669799805,1449400,0.0,0.0
2015-03-20 00:00:00-04:00,32.93576182541351,33.22269840054771,32.741885201451005,33.083106994628906,2098800,0.0,0.0
2015-03-23 00:00:00-04:00,33.0831015984428,33.269224428750206,32.858204041331945,32.889225006103516,1551700,0.0,0.0
2015-03-24 00:00:00-04:00,32.796168075079436,33.08310462970215,32.16800679334857,32.3231086730957,2225200,0.0,0.0
2015-03-25 00:00:00-04:00,32.36962479121678,32.62554025699996,32.12921684357243,32.15248107910156,2189200,0.0,0.0
2015-03-26 00:00:00-04:00,32.1602464245234,32.354122994802275,31.67943040024016,31.756982803344727,1997500,0.0,0.0
2015-03-27 00:00:00-04:00,31.865561840117135,32.20678363123165,31.756991404686268,32.09821319580078,1506000,0.0,0.0
2015-03-30 00:00:00-04:00,32.21453804018078,32.82718883421387,32.09821089152862,32.6333122253418,1315300,0.0,0.0
2015-03-31 00:00:00-04:00,32.63330801850766,33.11412111819745,32.50147040314256,32.72636795043945,1915100,0.0,0.0
2015-04-01 00:00:00-04:00,32.73412298775444,32.88922485256621,32.29208459595021,32.85820388793945,1181600,0.0,0.0
2015-04-02 00:00:00-04:00,32.80392304403329,33.01331014564281,32.70310637474224,32.79616928100586,1287500,0.0,0.0
2015-04-06 00:00:00-04:00,32.85045187050042,33.346775497598244,32.85045187050042,32.91249084472656,2038500,0.0,0.0
2015-04-07 00:00:00-04:00,32.904738092581375,32.904738092581375,32.39290396663182,32.416168212890625,2090900,0.0,0.0
2015-04-08 00:00:00-04:00,32.43166778081095,32.54023817123963,32.1059566095249,32.35411834716797,1913500,0.0,0.0
2015-04-09 00:00:00-04:00,32.2765718187986,32.40065271016156,32.00514579341768,32.29983901977539,1528800,0.0,0.0
2015-04-10 00:00:00-04:00,32.478202059049934,32.796159498133385,32.33085398058002,32.66432189941406,954200,0.0,0.0
2015-04-13 00:00:00-04:00,32.57902234689205,32.7186137346347,32.23004683585755,32.23780059814453,923700,0.0,0.0
2015-04-14 00:00:00-04:00,32.392898637590726,32.61003945580987,32.28432822848115,32.408409118652344,911600,0.0,0.0
2015-04-15 00:00:00-04:00,32.49372278553473,32.896983552930465,32.34637466059931,32.37739562988281,1433900,0.0,0.0
2015-04-16 00:00:00-04:00,32.276577582070985,32.36188376480054,31.91209156266605,32.04392623901367,1673800,0.0,0.0
2015-04-17 00:00:00-04:00,31.935352561929122,32.245556293342084,31.76474021381979,31.896577835083008,1198900,0.0,0.0
2015-04-20 00:00:00-04:00,31.98963531220709,32.73412066038485,31.98963531220709,32.29983901977539,1104900,0.0,0.0
2015-04-21 00:00:00-04:00,32.315346152182514,32.58677513260543,32.136980057898654,32.222286224365234,1495200,0.0,0.0
2015-04-22 00:00:00-04:00,32.3231086730957,32.47821055284284,32.12923206299236,32.3231086730957,1717300,0.0,0.0
2015-04-23 00:00:00-04:00,32.34636301151267,32.76513707105704,32.27656733492194,32.50146484375,1181300,0.0,0.0
2015-04-24 00:00:00-04:00,32.48596330921844,33.13738881731839,32.385146646757605,32.81943130493164,819500,0.0,0.0
2015-04-27 00:00:00-04:00,33.13739290718275,33.222699096845744,32.48596731868293,32.50923156738281,1882400,0.0,0.0
2015-04-28 00:00:00-04:00,32.36188232619427,32.88147316230277,32.27657614725689,32.80392074584961,1184800,0.0,0.0
2015-04-29 00:00:00-04:00,32.48595642259542,32.734118186566995,32.29983657877752,32.447181701660156,1307800,0.0,0.0
2015-04-30 00:00:00-04:00,32.34637551523186,32.431681703854174,31.54760476417304,31.749235153198242,2005400,0.0,0.0
2015-05-01 00:00:00-04:00,31.834537646647288,32.03617097059057,31.53984438151906,31.950864791870117,1066200,0.0,0.0
2015-05-04 00:00:00-04:00,31.98188510170923,32.5169834504386,31.98188510170923,32.25331115722656,859400,0.0,0.0
2015-05-05 00:00:00-04:00,32.1292316104126,32.20678107003264,31.454541845087032,31.477806091308594,1413000,0.0,0.0
2015-05-06 00:00:00-04:00,31.446779402633926,31.632902213509578,30.903924409095136,31.307188034057617,1633900,0.0,0.0
2015-05-07 00:00:00-04:00,31.15984154998663,31.834531163234214,30.787598902735493,31.330453872680664,3481700,0.0,0.0
2015-05-08 00:00:00-04:00,31.694941257499945,31.950859753303618,31.13657874012036,31.32269859313965,1967300,0.0,0.0
2015-05-11 00:00:00-04:00,31.245156850860248,31.64066385477891,31.152093943084424,31.252910614013672,1811400,0.0,0.0
2015-05-12 00:00:00-04:00,31.0435252573992,31.268422859706845,30.896180082605888,31.221891403198242,1562900,0.0,0.0
2015-05-13 00:00:00-04:00,31.338212260785372,31.462293161523487,30.75658248389008,30.88842010498047,1127000,0.0,0.0
2015-05-14 00:00:00-04:00,31.074546228404934,31.268422859706845,30.96597578820748,31.221891403198242,1392700,0.0,0.0
2015-05-15 00:00:00-04:00,31.314946889979932,31.594129646179045,31.229640719105547,31.439027786254883,955200,0.0,0.0
2015-05-18 00:00:00-04:00,31.283921375607722,31.73371344980458,31.283921375607722,31.62514305114746,1083100,0.0,0.0
2015-05-19 00:00:00-04:00,31.454536285727176,31.71045182389991,31.361473400644606,31.594127655029297,1094600,0.0,0.0
2015-05-20 00:00:00-04:00,31.601889908969312,31.958622189355363,31.532094205561386,31.73372459411621,1163200,0.0,0.0
2015-05-21 00:00:00-04:00,31.71044920042611,31.78024487930282,31.431266484919252,31.539836883544922,1156600,0.0,0.0
2015-05-22 00:00:00-04:00,31.47780441292172,31.6251495616723,31.229642605382796,31.524335861206055,744200,0.0,0.0
2015-05-26 00:00:00-04:00,31.539845335043267,31.539845335043267,31.028011205568806,31.26841926574707,1103900,0.0,0.0
2015-05-27 00:00:00-04:00,31.299434351092668,31.361473315991855,31.097801058946427,31.32269859313965,1091500,0.0,0.0
2015-05-28 00:00:00-04:00,31.330460796823836,31.470052190183402,31.121073706784482,31.361478805541992,996100,0.0,0.0
2015-05-29 00:00:00-04:00,31.369236020312503,31.47005268561986,31.051278498948346,31.198623657226562,1189400,0.0,0.0
2015-06-01 00:00:00-04:00,31.214138349353416,31.40026122129726,31.082303657065324,31.190874099731445,1027300,0.0,0.0
2015-06-02 00:00:00-04:00,31.02026208954333,31.028015853403716,30.44638593922478,30.725568771362305,1480700,0.0,0.0
2015-06-03 00:00:00-04:00,30.640242503677314,30.78759054539579,30.136165349956293,30.485143661499023,1605900,0.0,0.0
2015-06-04 00:00:00-04:00,30.34556564310072,30.64025593911477,30.260259467504305,30.314544677734375,1146400,0.0,0.0
2015-06-05 00:00:00-04:00,30.043121233977548,30.043121233977548,29.68638601794825,29.756181716918945,1390900,0.0,0.0
2015-06-08 00:00:00-04:00,29.80320600691803,29.92862705784084,29.70914096629435,29.732656478881836,1106300,0.41,0.0
2015-06-09 00:00:00-04:00,29.701299266111516,29.928625846166227,29.65426824284061,29.68562126159668,1342400,0.0,0.0
2015-06-10 00:00:00-04:00,29.771857989890506,30.03837816844214,29.63075889593526,29.638599395751953,2190200,0.0,0.0
2015-06-11 00:00:00-04:00,29.82673630934094,30.069741024244554,29.779705260845226,30.022706985473633,1215600,0.0,0.0
2015-06-12 00:00:00-04:00,29.82672680733798,29.97566638752677,29.59156266895084,29.607240676879883,1020600,0.0,0.0
2015-06-15 00:00:00-04:00,29.591567597942834,29.76402272361347,29.46614650389367,29.575889587402344,1210200,0.0,0.0
2015-06-16 00:00:00-04:00,29.48182229243784,29.64643690529412,29.31720767958156,29.638599395751953,1262700,0.0,0.0
2015-06-17 00:00:00-04:00,29.638593801233018,29.952144958401455,29.552366261172658,29.85807991027832,1068900,0.0,0.0
2015-06-18 00:00:00-04:00,29.928628745719465,30.35976344568914,29.889435225772022,30.210826873779297,1154500,0.0,0.0
2015-06-19 00:00:00-04:00,30.21083359493384,30.383285719123656,29.98350694228072,29.991344451904297,1249100,0.0,0.0
2015-06-22 00:00:00-04:00,29.881604669269702,30.179480902467127,29.86592665801985,30.03054428100586,1123600,0.0,0.0
2015-06-23 00:00:00-04:00,29.944311682993824,30.054054753028755,29.59156396482841,29.599401473999023,1107100,0.0,0.0
2015-06-24 00:00:00-04:00,29.615081787109375,29.764021385410263,29.583728757712798,29.615081787109375,1865400,0.0,0.0
2015-06-25 00:00:00-04:00,29.76401915739811,29.779697166060117,29.395593429526897,29.403430938720703,1398400,0.0,0.0
2015-06-26 00:00:00-04:00,29.364240930517862,29.622923619023815,29.207463815387715,29.575889587402344,991300,0.0,0.0
2015-06-29 00:00:00-04:00,29.56804954722818,29.952150306642295,29.41127244551294,29.426950454711914,1599100,0.0,0.0
2015-06-30 00:00:00-04:00,29.66211657195066,29.764022143339734,29.466145929427274,29.53669548034668,2036600,0.0,0.0
2015-07-01 00:00:00-04:00,29.59156180015546,29.795369916700796,29.434784715742186,29.771854400634766,1356900,0.0,0.0
2015-07-02 00:00:00-04:00,30.030541086034596,30.312736287684324,29.93647302854345,30.17947769165039,1341500,0.0,0.0
2015-07-06 00:00:00-04:00,30.10893312744317,30.297066283291585,29.92079997159475,30.226516723632812,1173100,0.0,0.0
2015-07-07 00:00:00-04:00,30.39112334506282,31.096615765177514,30.344089320945464,31.041744232177734,1903500,0.0,0.0
2015-07-08 00:00:00-04:00,30.884963490040047,31.10444957483524,30.688992917109015,30.790895462036133,1129000,0.0,0.0
2015-07-09 00:00:00-04:00,30.83794775036647,30.98688439755425,30.17948611550801,30.320585250854492,1186800,0.0,0.0
2015-07-10 00:00:00-04:00,30.31273837416201,30.830103755150752,30.187317279148772,30.587099075317383,1208200,0.0,0.0
2015-07-13 00:00:00-04:00,30.68900095865932,30.77522552151286,30.312734728596535,30.50086784362793,1111700,0.0,0.0
2015-07-14 00:00:00-04:00,30.524388514030683,30.665487626552505,30.36761438036192,30.461679458618164,961100,0.0,0.0
2015-07-15 00:00:00-04:00,30.46166829552033,30.579248852682888,30.273535217676883,30.563573837280273,693000,0.0,0.0
2015-07-16 00:00:00-04:00,30.563581491356555,31.182846424153166,30.563581491356555,31.088781356811523,1079800,0.0,0.0
2015-07-17 00:00:00-04:00,30.95551290207666,31.112286967626087,30.79089534881196,30.87712287902832,1619400,0.0,0.0
2015-07-20 00:00:00-04:00,30.830110665173873,30.830110665173873,30.42249126745148,30.66549301147461,980700,0.0,0.0
2015-07-21 00:00:00-04:00,30.610617579538953,30.665489127062955,30.179482710303912,30.336259841918945,821100,0.0,0.0
2015-07-22 00:00:00-04:00,30.359765022483405,30.602769643216718,30.265699971669306,30.304893493652344,1354700,0.0,0.0
2015-07-23 00:00:00-04:00,30.218656348925673,30.25001235265812,29.72480975609544,29.999170303344727,1403700,0.0,0.0
2015-07-24 00:00:00-04:00,30.030543163511645,30.265707342958745,29.889444057788428,30.20299530029297,1115000,0.0,0.0
2015-07-27 00:00:00-04:00,30.25002932179278,30.704679669862735,30.148123747633655,30.587099075317383,851900,0.0,0.0
2015-07-28 00:00:00-04:00,30.830093171818632,30.908480207940222,30.55573256484557,30.83793067932129,1824400,0.0,0.0
2015-07-29 00:00:00-04:00,30.783067857324873,31.104459580708074,30.57925672136015,31.080944061279297,1241500,0.0,0.0
2015-07-30 00:00:00-04:00,30.99471425328013,31.347461970480843,30.845774666976283,31.175006866455078,1336100,0.0,0.0
2015-07-31 00:00:00-04:00,31.449367145045493,32.405704815254246,31.18284695778771,32.20189666748047,2768600,0.0,0.0
2015-08-03 00:00:00-04:00,32.3429942516541,32.86819714033767,32.31947873091184,32.60167694091797,2296200,0.0,0.0
2015-08-04 00:00:00-04:00,32.48409583969812,32.523292364297696,32.08431700514738,32.14702606201172,1840800,0.0,0.0
2015-08-05 00:00:00-04:00,32.27244710222599,32.57816384601344,32.15486649948465,32.42138671875,1315800,0.0,0.0
2015-08-06 00:00:00-04:00,32.43707103072871,32.719269316559036,32.13135721783771,32.68007278442383,1087500,0.0,0.0
2015-08-07 00:00:00-04:00,32.6095125250722,33.18174941171727,32.413541889728556,33.01713180541992,978300,0.0,0.0
2015-08-10 00:00:00-04:00,33.024979509817136,33.23662820099258,32.70358771735263,32.78197479248047,1322200,0.0,0.0
2015-08-11 00:00:00-04:00,32.77412594957621,33.1582266712869,32.63302687091027,33.00144958496094,2162700,0.0,0.0
2015-08-12 00:00:00-04:00,33.08768781468358,33.48746966340252,32.80548956624083,33.43259811401367,3641100,0.0,0.0
2015-08-13 00:00:00-04:00,32.131346494187696,33.50314093337572,32.131346494187696,33.40907287597656,1688200,0.0,0.0
2015-08-14 00:00:00-04:00,33.330684388291964,33.56584854115047,33.166069780318445,33.50313949584961,2406000,0.0,0.0
2015-08-17 00:00:00-04:00,33.53449842212502,34.18512244942944,33.40907731918712,34.0205078125,1778400,0.0,0.0
2015-08-18 00:00:00-04:00,33.89508358999742,34.06753572174339,33.70695045776808,33.86372756958008,1931100,0.0,0.0
2015-08-19 00:00:00-04:00,33.72262008098451,34.2164668137739,33.53448699554486,34.13807678222656,1757300,0.0,0.0
2015-08-20 00:00:00-04:00,33.879409242840026,34.37325316157153,33.85589072984685,33.94995880126953,1384100,0.0,0.0
2015-08-21 00:00:00-04:00,33.85588582539523,33.98914741213523,33.322845458984375,33.322845458984375,2201100,0.0,0.0
2015-08-24 00:00:00-04:00,32.19406139214433,32.90739451053049,31.731570491853848,31.888347625732422,3089700,0.0,0.0
2015-08-25 00:00:00-04:00,32.49192968382149,32.49192968382149,31.159328857882336,31.175006866455078,2749600,0.0,0.0
2015-08-26 00:00:00-04:00,31.582618462696953,31.86481656805092,31.08877177832751,31.786426544189453,2825400,0.0,0.0
2015-08-27 00:00:00-04:00,31.943220389342766,32.170547092601694,31.559116546240613,32.154869079589844,2447600,0.0,0.0
2015-08-28 00:00:00-04:00,32.14702343309146,32.30380054784386,31.755082141347835,32.19405746459961,1577100,0.0,0.0
2015-08-31 00:00:00-04:00,32.092152045010316,32.14702358689497,31.26907592646574,31.582630157470703,2572400,0.0,0.0
2015-09-01 00:00:00-04:00,30.877141717423278,31.323954655445323,30.485200333875838,30.66549301147461,2420200,0.0,0.0
2015-09-02 00:00:00-04:00,31.010401453751943,31.041754489916507,30.289227797012227,30.634138107299805,1759300,0.0,0.0
2015-09-03 00:00:00-04:00,30.751713194431673,30.89281229777773,30.594936080683308,30.767391204833984,1135000,0.0,0.0
2015-09-04 00:00:00-04:00,30.461680925737035,30.500874461041896,30.0618990909123,30.226516723632812,1571700,0.0,0.0
2015-09-08 00:00:00-04:00,30.65434744080274,30.907885362081462,30.48796374666553,30.884117126464844,1684700,0.41,0.0
2015-09-09 00:00:00-04:00,30.88411827062945,30.995040737496936,30.416657144251808,30.472118377685547,1679100,0.0,0.0
2015-09-10 00:00:00-04:00,30.33743603831791,30.82866553662414,30.226513540869217,30.4483585357666,1238300,0.0,0.0
2015-09-11 00:00:00-04:00,30.37704588940268,30.757352828979492,30.313659888267765,30.757352828979492,1472200,0.0,0.0
2015-09-14 00:00:00-04:00,30.773194663706704,31.0742720786291,30.733579930208858,30.884117126464844,1449100,0.0,0.0
2015-09-15 00:00:00-04:00,30.884134517023508,31.16936559467555,30.662289466588422,31.058443069458008,1380000,0.0,0.0
2015-09-16 00:00:00-04:00,31.074275023721025,31.486274940449217,30.98712078831939,31.446657180786133,1345900,0.0,0.0
2015-09-17 00:00:00-04:00,31.454583115328273,32.54004267307992,31.39119711543083,32.120121002197266,2627200,0.0,0.0
2015-09-18 00:00:00-04:00,31.87449587330913,32.27064919466133,31.81903465011262,31.98541831970215,2931900,0.0,0.0
2015-09-21 00:00:00-04:00,32.104269489302986,32.53211585457218,32.0012687667581,32.34196090698242,1704100,0.0,0.0
2015-09-22 00:00:00-04:00,32.104274997533295,32.318198216871366,32.017120757535096,32.08842849731445,1595600,0.0,0.0
2015-09-23 00:00:00-04:00,32.08842702170778,32.389504467198805,31.97750454768759,32.32611846923828,1121800,0.0,0.0
2015-09-24 00:00:00-04:00,32.246890427380784,32.63511910370589,32.0329672083725,32.52419662475586,1688800,0.0,0.0
2015-09-25 00:00:00-04:00,32.61927087797037,33.142196289490975,32.33404295679192,32.777732849121094,1716700,0.0,0.0
2015-09-28 00:00:00-04:00,32.79358636487373,33.12635687772969,32.67474212789124,32.91243362426758,1740100,0.0,0.0
2015-09-29 00:00:00-04:00,32.92035420995592,33.110509213835286,32.68266272191515,33.03127670288086,1360100,0.0,0.0
2015-09-30 00:00:00-04:00,33.197665273208145,33.506664526735804,32.98374201559406,33.49081802368164,1522200,0.0,0.0
2015-10-01 00:00:00-04:00,33.52250573272221,33.62550345268194,32.849043060189,33.10258102416992,1971900,0.0,0.0
2015-10-02 00:00:00-04:00,33.43535385248244,33.53042984008789,32.99958563501207,33.53042984008789,1043200,0.0,0.0
2015-10-05 00:00:00-04:00,33.63343288693599,33.86320264321959,33.30858713655316,33.768123626708984,1146500,0.0,0.0
2015-10-06 00:00:00-04:00,33.70474077734553,33.80773851204046,33.34028027978338,33.52251052856445,917500,0.0,0.0
2015-10-07 00:00:00-04:00,33.62550568647659,33.68096693088112,33.33235296285111,33.443275451660156,1025900,0.0,0.0
2015-10-08 00:00:00-04:00,33.356111467570706,34.235572404148115,33.27688200509411,34.16426467895508,1970400,0.0,0.0
2015-10-09 00:00:00-04:00,34.17218943864889,34.259343660819304,33.89488027516028,34.16426467895508,2145500,0.0,0.0
2015-10-12 00:00:00-04:00,34.22765614675199,34.65550256640894,34.18011664820875,34.63965606689453,1436300,0.0,0.0
2015-10-13 00:00:00-04:00,34.5525126185176,34.70304987728813,34.32274283743758,34.584205627441406,2276200,0.0,0.0
2015-10-14 00:00:00-04:00,34.63966329392777,34.829815282951536,34.33858578516019,34.37820053100586,1508600,0.0,0.0
2015-10-15 00:00:00-04:00,34.544580371082546,34.90904384992277,34.37819664389675,34.81396484375,927400,0.0,0.0
2015-10-16 00:00:00-04:00,34.99618846581269,35.21011165570308,34.790190036146285,34.94072723388672,1079300,0.0,0.0
2015-10-19 00:00:00-04:00,34.83772113996854,35.099180738591194,34.6554909900413,35.09125900268555,1294600,0.0,0.0
2015-10-20 00:00:00-04:00,34.98034910987378,35.27350180206617,34.83773363315082,35.11503982543945,1052200,0.0,0.0
2015-10-21 00:00:00-04:00,35.21803811690905,35.376500082526945,34.92488544508283,34.9803466796875,944100,0.0,0.0
2015-10-22 00:00:00-04:00,35.04372908595068,35.34480651351623,35.01203608885734,35.257652282714844,1422400,0.0,0.0
2015-10-23 00:00:00-04:00,35.186340206626426,35.30518741984919,34.60795668192336,34.853572845458984,1303300,0.0,0.0
2015-10-26 00:00:00-04:00,34.90904933527015,35.20220209433911,34.63966482027362,35.18635559082031,1542500,0.0,0.0
2015-10-27 00:00:00-04:00,35.075428293423215,35.40027401511997,35.0595817920708,35.24973678588867,1326800,0.0,0.0
2015-10-28 00:00:00-04:00,35.210122548673596,35.42404580474551,34.4732767852297,34.885276794433594,1519600,0.0,0.0
2015-10-29 00:00:00-04:00,34.71888098069594,34.75849571307203,34.02957496563891,34.39403533935547,1850100,0.0,0.0
2015-10-30 00:00:00-04:00,34.528730279755,34.74265044664761,34.33857532623769,34.60795974731445,1428800,0.0,0.0
2015-11-02 00:00:00-05:00,34.623809327979465,34.87734727363556,34.378193120820434,34.79811477661133,1430900,0.0,0.0
2015-11-03 00:00:00-05:00,34.671344912227646,34.83773164049462,34.50496120637131,34.75849914550781,1174000,0.0,0.0
2015-11-04 00:00:00-05:00,34.774351271546024,35.11504349909209,34.774351271546024,35.027889251708984,1063000,0.0,0.0
2015-11-05 00:00:00-05:00,34.98035059606074,35.22596379897707,34.813963851207575,34.877349853515625,1781800,0.0,0.0
2015-11-06 00:00:00-05:00,34.67927723593212,35.24973923460327,33.41950900380752,33.71266174316406,2444400,0.0,0.0
2015-11-09 00:00:00-05:00,33.55420288547716,34.25143394670184,33.181820621369035,34.18012619018555,2139800,0.0,0.0
2015-11-10 00:00:00-05:00,34.140502303441316,34.766425440614064,34.140502303441316,34.71096420288086,1639800,0.0,0.0
2015-11-11 00:00:00-05:00,34.78227440960401,35.178427862914255,34.766427908782276,35.03581237792969,1545800,0.0,0.0
2015-11-12 00:00:00-05:00,35.01997043066538,35.26558366931116,34.39404716766935,34.465354919433594,2065500,0.0,0.0
2015-11-13 00:00:00-05:00,34.568352720204196,34.93281318808721,34.07712024010678,34.17219924926758,2072400,0.0,0.0
2015-11-16 00:00:00-05:00,34.25935105466943,34.82188821792666,34.08504257270936,34.8060417175293,3025100,0.0,0.0
2015-11-17 00:00:00-05:00,34.718884853759704,35.12296302733962,33.863195053820455,33.95827102661133,3251500,0.0,0.0
2015-11-18 00:00:00-05:00,33.93450437771201,34.298964809148714,33.57004092386449,34.24350357055664,2386000,0.0,0.0
2015-11-19 00:00:00-05:00,34.401965632334026,34.79019735995434,34.36235089010609,34.62381362915039,2279500,0.0,0.0
2015-11-20 00:00:00-05:00,34.8060349068484,35.13088054540277,34.766420174812076,34.94865036010742,2942400,0.0,0.0
2015-11-23 00:00:00-05:00,34.88527175683656,34.99619423898692,34.275195082598614,34.33858108520508,1591500,0.0,0.0
2015-11-24 00:00:00-05:00,34.20388580949589,34.338579547798645,33.87111837794346,34.24350357055664,1455200,0.0,0.0
2015-11-25 00:00:00-05:00,34.25934317084083,34.36234086610528,34.10880296291396,34.19595718383789,1157500,0.0,0.0
2015-11-27 00:00:00-05:00,34.29104425720369,34.42573801204013,34.15635352477844,34.314815521240234,657500,0.0,0.0
2015-11-30 00:00:00-05:00,34.42574673044185,34.91697632370839,34.40197546038518,34.67136001586914,2954200,0.0,0.0
2015-12-01 00:00:00-05:00,34.861504997662266,34.93281274241757,34.42573678967371,34.72681427001953,1960700,0.0,0.0
2015-12-02 00:00:00-05:00,34.81397139659198,34.81397139659198,33.88697358000653,33.934513092041016,1928000,0.0,0.0
2015-12-03 00:00:00-05:00,33.783971027081236,33.926586533225,33.261048512024594,33.474971771240234,3152100,0.0,0.0
2015-12-04 00:00:00-05:00,33.657196669240335,34.37027408650832,33.6255036679371,34.33858108520508,2711000,0.0,0.0
2015-12-07 00:00:00-05:00,34.2465597879858,34.42259448640971,34.08652852144975,34.38258743286133,1885100,0.425,0.0
2015-12-08 00:00:00-05:00,34.31857616191231,34.46260400687034,33.95050635917188,34.19855499267578,2338800,0.0,0.0
2015-12-09 00:00:00-05:00,34.02251583022816,34.40658901575081,33.90249162435256,34.070526123046875,2099800,0.0,0.0
2015-12-10 00:00:00-05:00,34.07052513865497,34.13453580822146,33.246365256962264,33.3743896484375,1968100,0.0,0.0
2015-12-11 00:00:00-05:00,33.22235783449249,33.67044467953497,33.070329840875075,33.382389068603516,1658400,0.0,0.0
2015-12-14 00:00:00-05:00,33.36639701465092,33.5184250600951,33.13435179870221,33.4464111328125,2144700,0.0,0.0
2015-12-15 00:00:00-05:00,33.60644383703984,33.82248562798769,33.454415785191976,33.558433532714844,1864700,0.0,0.0
2015-12-16 00:00:00-05:00,33.81447476418967,34.50260704272558,33.63844312602034,34.40658950805664,1794000,0.0,0.0
2015-12-17 00:00:00-05:00,34.45460809404375,35.25476153099684,34.406597788983035,35.23075485229492,3129800,0.0,0.0
2015-12-18 00:00:00-05:00,35.038725864290946,35.08673312540402,34.414603998728126,34.56663513183594,3492100,0.0,0.0
2015-12-21 00:00:00-05:00,34.630633843692586,34.83067216867203,34.13453965239948,34.29457092285156,1473900,0.0,0.0
2015-12-22 00:00:00-05:00,34.3906003681716,34.638649075849195,33.95851670409203,34.56663513183594,1520800,0.0,0.0
2015-12-23 00:00:00-05:00,34.69464612169025,35.16673667099004,34.67864269008013,35.08671951293945,1120200,0.0,0.0
2015-12-24 00:00:00-05:00,35.014705712150544,35.05471581747881,34.878681121530406,34.9506950378418,345800,0.0,0.0
2015-12-28 00:00:00-05:00,34.89468808771592,35.24675446293145,34.86268122114829,35.23875427246094,891000,0.0,0.0
2015-12-29 00:00:00-05:00,35.32677156863398,35.55881371999349,35.22275077863937,35.302764892578125,1070900,0.0,0.0
2015-12-30 00:00:00-05:00,35.35078447658717,35.50281255393533,35.142742841959596,35.206756591796875,994100,0.0,0.0
2015-12-31 00:00:00-05:00,35.16673709853798,35.206744151878425,34.34257714848064,34.59062576293945,2080400,0.0,0.0
2016-01-04 00:00:00-05:00,34.510612559065905,34.58262647789962,34.07052885612321,34.43059539794922,2664400,0.0,0.0
2016-01-05 00:00:00-05:00,34.422603896234115,34.87869114651603,33.886499464639265,34.83868408203125,2295800,0.0,0.0
2016-01-06 00:00:00-05:00,34.59863010995727,35.15073478930957,34.526616190707614,35.06271743774414,1974500,0.0,0.0
2016-01-07 00:00:00-05:00,34.782663469374654,35.27075745028456,34.72665298491049,35.08671951293945,3190200,0.0,0.0
2016-01-08 00:00:00-05:00,35.110729496931434,35.24675409992876,34.75065988261092,34.81467056274414,2139200,0.0,0.0
2016-01-11 00:00:00-05:00,34.83868104717318,35.086726656777174,34.73466024669949,34.82267761230469,2237900,0.0,0.0
2016-01-12 00:00:00-05:00,34.91869375256678,34.91869375256678,34.39059263270308,34.710655212402344,1797100,0.0,0.0
2016-01-13 00:00:00-05:00,34.8386821400778,35.00671363295361,34.446605604357714,34.518619537353516,2263300,0.0,0.0
2016-01-14 00:00:00-05:00,34.454610616439304,35.18275017527943,34.294579306864286,34.974708557128906,1493900,0.0,0.0
2016-01-15 00:00:00-05:00,34.50261124778062,34.96670165120322,34.334579778545304,34.81467056274414,2010100,0.0,0.0
2016-01-19 00:00:00-05:00,35.206754042108464,35.206754042108464,34.518621542910495,34.76667022705078,4015400,0.0,0.0
2016-01-20 00:00:00-05:00,34.71865940213524,34.80667677430727,33.2063697961782,33.87049865722656,3700000,0.0,0.0
2016-01-21 00:00:00-05:00,33.87049960499592,34.02252767332866,33.41440929531089,33.71046829223633,2107500,0.0,0.0
2016-01-22 00:00:00-05:00,33.88650225159162,34.42260672727771,33.68646386037245,34.36659622192383,1872200,0.0,0.0
2016-01-25 00:00:00-05:00,34.454594631075906,34.4785982480554,34.038514640160386,34.14253234863281,1783600,0.0,0.0
2016-01-26 00:00:00-05:00,34.21455383300781,34.742654889964285,34.0465223722359,34.21455383300781,1621400,0.0,0.0
2016-01-27 00:00:00-05:00,34.23056904232616,34.77467371879443,34.038533893186575,34.56663513183594,1851400,0.0,0.0
2016-01-28 00:00:00-05:00,34.518611426321435,35.2867578295522,34.20655214078034,35.08671951293945,1537300,0.0,0.0
2016-01-29 00:00:00-05:00,35.446799663455806,35.98290409906104,35.270767967937275,35.942893981933594,2402600,0.0,0.0
2016-02-01 00:00:00-05:00,35.79085702828733,36.65502406430681,35.758850163469724,36.53499984741211,1843300,0.0,0.0
2016-02-02 00:00:00-05:00,36.43098978926479,37.20713970172819,36.27096152274508,37.111122131347656,2622100,0.0,0.0
2016-02-03 00:00:00-05:00,37.42316705814802,38.327341065718336,37.391160196279145,37.871253967285156,4515600,0.0,0.0
2016-02-04 00:00:00-05:00,37.7352299468709,37.91926484174038,37.01509074751849,37.23113250732422,3032000,0.0,0.0
2016-02-05 00:00:00-05:00,36.95108237176931,37.39916935176141,36.43898471025996,37.19913101196289,2971700,0.0,0.0
2016-02-08 00:00:00-05:00,37.303138985855675,37.55918774958259,36.446975359829665,36.94306945800781,2379500,0.0,0.0
2016-02-09 00:00:00-05:00,36.75103522168165,37.207122282897544,36.67902131452429,36.87105941772461,2285400,0.0,0.0
2016-02-10 00:00:00-05:00,36.83105913007996,37.1831285710225,36.27895439634221,36.96708679199219,2547000,0.0,0.0
2016-02-11 00:00:00-05:00,36.93508525120303,37.15112706139217,36.27895962870715,36.30296325683594,1552900,0.0,0.0
2016-02-12 00:00:00-05:00,36.25495381767312,36.575013365378496,35.87888072046756,36.20694351196289,1134200,0.0,0.0
2016-02-16 00:00:00-05:00,36.26295145093407,36.50299685786478,35.93488868258207,36.47099304199219,2170400,0.0,0.0
2016-02-17 00:00:00-05:00,36.446975078098745,36.462978507250725,36.158919458047095,36.254940032958984,1640000,0.0,0.0
2016-02-18 00:00:00-05:00,36.20694413809271,37.27914989875095,36.1349302044536,37.03110122680664,3893900,0.0,0.0
2016-02-19 00:00:00-05:00,36.65503023945077,37.35916307000502,36.086918976429835,36.486995697021484,4164000,0.0,0.0
2016-02-22 00:00:00-05:00,36.454995108621894,37.095117307806916,36.37497792600914,36.99109649658203,2395400,0.0,0.0
2016-02-23 00:00:00-05:00,36.759038925875196,37.31114661766461,36.61501109778599,37.22312927246094,1557600,0.0,0.0
2016-02-24 00:00:00-05:00,37.23112959251366,38.05528951221441,37.06309814326743,37.991275787353516,2839700,0.0,0.0
2016-02-25 00:00:00-05:00,38.13529865873291,38.58338551748503,38.03127789552684,38.51137161254883,2108700,0.0,0.0
2016-02-26 00:00:00-05:00,38.27933682593774,38.3273471263328,37.18312757849787,37.19913101196289,2665800,0.0,0.0
2016-02-29 00:00:00-05:00,37.12711598303527,37.95927313206044,37.055102060756454,37.56719970703125,2610500,0.0,0.0
2016-03-01 00:00:00-05:00,37.75923558048256,38.03929108507671,37.231134490278,37.55119705200195,1916200,0.0,0.0
2016-03-02 00:00:00-05:00,37.31114633125827,37.591198743536225,36.45498261104582,37.5751953125,2047600,0.0,0.0
2016-03-03 00:00:00-05:00,37.59119719218282,37.607200622558594,36.991082288631354,37.607200622558594,1490600,0.0,0.0
2016-03-04 00:00:00-05:00,37.43118080280522,38.087306447015244,37.223142230002985,37.88726806640625,1856400,0.0,0.0
2016-03-07 00:00:00-05:00,37.810556866898686,38.30306845410555,37.70559396733568,38.05277633666992,1461000,0.425,0.0
2016-03-08 00:00:00-05:00,38.06892789892226,38.666402435709635,37.8993714838991,38.63410568237305,1732600,0.0,0.0
2016-03-09 00:00:00-05:00,38.59373028828965,39.08624492024276,38.56950926704193,38.973209381103516,1324200,0.0,0.0
2016-03-10 00:00:00-05:00,38.91669383197122,39.0378020251072,38.262698501081516,38.70676803588867,2980400,0.0,0.0
2016-03-11 00:00:00-05:00,38.73099218584438,39.158913346092234,38.650250310334094,38.93284225463867,1668200,0.0,0.0
2016-03-14 00:00:00-04:00,38.76329650350622,39.086257934282706,38.66640930626866,39.01359176635742,1374800,0.0,0.0
2016-03-15 00:00:00-04:00,38.90861204448341,39.18312821815218,38.72291037994088,38.90053939819336,1667200,0.0,0.0
2016-03-16 00:00:00-04:00,38.80366444691652,39.22351302574986,38.38381586808318,39.10240173339844,1748700,0.0,0.0
2016-03-17 00:00:00-04:00,39.01358271530688,39.58683619595277,38.940916564239956,39.481876373291016,1573200,0.0,0.0
2016-03-18 00:00:00-04:00,39.58684386409118,39.90172955304663,39.0943290870118,39.54647445678711,2910800,0.0,0.0
2016-03-21 00:00:00-04:00,39.47380140601096,39.63528208704763,38.88439953821677,39.384986877441406,1287800,0.0,0.0
2016-03-22 00:00:00-04:00,39.441500856409334,39.66757502008955,39.17506037634116,39.45764923095703,1717200,0.0,0.0
2016-03-23 00:00:00-04:00,39.37690969014401,39.69986793499997,39.166983904999555,39.55453872680664,1514300,0.0,0.0
2016-03-24 00:00:00-04:00,39.41728295176881,39.78868635577448,39.33654415263289,39.76446533203125,1179900,0.0,0.0
2016-03-28 00:00:00-04:00,39.958241211259526,40.09549778046156,39.498020218083965,39.72409439086914,835400,0.0,0.0
2016-03-29 00:00:00-04:00,39.72409154969531,40.289272321253534,39.68372215458131,40.28119659423828,1358200,0.0,0.0
2016-03-30 00:00:00-04:00,40.28927074545578,40.28927074545578,39.87749492343113,40.16815948486328,1622000,0.0,0.0
2016-03-31 00:00:00-04:00,40.143946159333886,40.49920120251823,39.84520581394126,40.45075607299805,2533400,0.0,0.0
2016-04-01 00:00:00-04:00,40.45076444732336,40.838319403742666,40.168175499922334,40.80602264404297,1415700,0.0,0.0
2016-04-04 00:00:00-04:00,40.83023911289994,41.2258666750565,40.66875841242811,41.040164947509766,2644900,0.0,0.0
2016-04-05 00:00:00-04:00,40.96749320332067,41.007862602940115,39.95016708497926,39.98246383666992,2311300,0.0,0.0
2016-04-06 00:00:00-04:00,39.9340286243488,40.030918903477655,39.65143967686097,40.00669479370117,1312500,0.0,0.0
2016-04-07 00:00:00-04:00,39.78868251472864,40.16816161000711,39.57068408212106,39.691795349121094,1991600,0.0,0.0
2016-04-08 00:00:00-04:00,39.88557729665386,41.17741658497156,39.32039645301943,39.384986877441406,4971300,0.0,0.0
2016-04-11 00:00:00-04:00,39.44958111745865,39.66757957892494,39.191213254977384,39.30424880981445,2266000,0.0,0.0
2016-04-12 00:00:00-04:00,39.384993738358574,39.44958725402064,39.094329077855974,39.32847595214844,1793700,0.0,0.0
2016-04-13 00:00:00-04:00,39.40112899249059,39.40112899249059,38.860172338964695,38.99742889404297,1453100,0.0,0.0
2016-04-14 00:00:00-04:00,38.90861211970729,39.16697992130834,38.803652317798026,39.03779602050781,976000,0.0,0.0
2016-04-15 00:00:00-04:00,39.17506261382573,39.42535781362935,38.96513681270329,39.3446159362793,1056500,0.0,0.0
2016-04-18 00:00:00-04:00,39.352692481002826,39.65950238133957,39.166987699236174,39.6272087097168,1267100,0.0,0.0
2016-04-19 00:00:00-04:00,39.643351747184965,39.780611393716605,39.38498390899461,39.65950012207031,1215200,0.0,0.0
2016-04-20 00:00:00-04:00,39.58683436031941,39.71601828067174,38.38380967953601,38.42417907714844,1437500,0.0,0.0
2016-04-21 00:00:00-04:00,38.33536660968668,38.399960113319715,37.37456134305369,37.519893646240234,1423000,0.0,0.0
2016-04-22 00:00:00-04:00,37.64099805563898,37.915514258463794,37.455296371373294,37.58448028564453,1493100,0.0,0.0
2016-04-25 00:00:00-04:00,37.52796412683548,37.92359161376953,37.463373706920535,37.92359161376953,2199900,0.0,0.0
2016-04-26 00:00:00-04:00,37.9720328518516,38.10121676892409,37.64907459916415,37.79440689086914,1741300,0.0,0.0
2016-04-27 00:00:00-04:00,37.91551446167798,38.33536295530661,37.60062886145338,38.15773391723633,1860300,0.0,0.0
2016-04-28 00:00:00-04:00,37.80247978363224,38.52914124687519,37.58448134465935,38.50491714477539,1530100,0.0,0.0
2016-04-29 00:00:00-04:00,38.31114136783617,38.8036559988559,38.01240414639324,38.755210876464844,2112700,0.0,0.0
2016-05-02 00:00:00-04:00,38.79558564687644,39.199285816105096,38.59373556226211,38.86825180053711,1896200,0.0,0.0
2016-05-03 00:00:00-04:00,38.90862657446664,39.360771935236414,38.90862657446664,39.19929122924805,1589800,0.0,0.0
2016-05-04 00:00:00-04:00,39.13469321514455,39.74024343532531,38.948991517220975,39.3446159362793,2498600,0.0,0.0
2016-05-05 00:00:00-04:00,39.27194753054813,39.78061054867465,39.102394217835126,39.46572494506836,1680600,0.0,0.0
2016-05-06 00:00:00-04:00,39.425353835238106,39.425353835238106,38.60987789622415,38.90861511230469,1598700,0.0,0.0
2016-05-09 00:00:00-04:00,38.98129044104701,39.199288919286715,38.79558871809944,39.10240173339844,1443000,0.0,0.0
2016-05-10 00:00:00-04:00,39.17506563925712,39.44958188347238,39.0781784589423,39.28810119628906,1368500,0.0,0.0
2016-05-11 00:00:00-04:00,39.263883160094544,39.56262045213233,38.7067749009027,38.8763313293457,3296300,0.0,0.0
2016-05-12 00:00:00-04:00,38.844027724758654,39.37691178308261,38.23040179093856,38.85210037231445,3854500,0.0,0.0
2016-05-13 00:00:00-04:00,38.85208737130606,39.021643713115765,38.41609370947327,38.81171798706055,1579400,0.0,0.0
2016-05-16 00:00:00-04:00,38.70677411348008,38.89247583610352,38.44840623157023,38.67448043823242,1578000,0.0,0.0
2016-05-17 00:00:00-04:00,38.593740039727216,38.72292398566819,37.94782031002235,38.2061882019043,2806300,0.0,0.0
2016-05-18 00:00:00-04:00,38.02854219566965,38.512984087326274,37.61676951374903,37.80247116088867,3266300,0.0,0.0
2016-05-19 00:00:00-04:00,37.681378956260325,38.24655990875379,37.382641640795015,38.230411529541016,2160000,0.0,0.0
2016-05-20 00:00:00-04:00,38.34343635106761,38.44032351140237,37.8266976426452,38.14158630371094,2855500,0.0,0.0
2016-05-23 00:00:00-04:00,38.18195553997603,38.23847330660421,37.66521991366851,37.697513580322266,1427900,0.0,0.0
2016-05-24 00:00:00-04:00,37.737886208997594,38.19810407057182,37.72173783561058,38.14158630371094,872000,0.0,0.0
2016-05-25 00:00:00-04:00,38.00432053749016,38.206170552276056,37.83476726426684,38.036617279052734,1151200,0.0,0.0
2016-05-26 00:00:00-04:00,38.02047673223922,38.86824635279921,38.02047673223922,38.61795425415039,1728000,0.0,0.0
2016-05-27 00:00:00-04:00,38.57757732155077,38.860169215744385,38.44839342362963,38.84402084350586,1251800,0.0,0.0
2016-05-31 00:00:00-04:00,38.91670533340408,40.16010286232759,38.73100358505658,40.00669479370117,7029300,0.0,0.0
2016-06-01 00:00:00-04:00,39.885572832311034,40.06319878958088,39.69986806791249,39.909793853759766,2918100,0.0,0.0
2016-06-02 00:00:00-04:00,39.77254408437718,39.87750700335416,39.312326082693495,39.64336013793945,2410300,0.0,0.0
2016-06-03 00:00:00-04:00,40.030903767212294,40.57186042785644,39.966310272216795,40.37001037597656,1938700,0.0,0.0
2016-06-06 00:00:00-04:00,40.28451610244871,40.53695397050487,40.12165105784943,40.34151840209961,1930100,0.425,0.0
2016-06-07 00:00:00-04:00,40.27635387791706,40.6509411454602,40.18677798646305,40.292640686035156,1772300,0.0,0.0
2016-06-08 00:00:00-04:00,40.30080055509904,40.471807444027235,40.137935520046966,40.45552062988281,809000,0.0,0.0
2016-06-09 00:00:00-04:00,40.47180716717608,41.48156478608568,40.47180716717608,41.44084930419922,1961100,0.0,0.0
2016-06-10 00:00:00-04:00,41.3186921860424,41.54670131082619,41.15582719417197,41.497840881347656,1709200,0.0,0.0
2016-06-13 00:00:00-04:00,41.49784501909601,41.63628136322633,41.302409494477715,41.33498001098633,1340000,0.0,0.0
2016-06-14 00:00:00-04:00,41.16398090550595,41.85615654377783,41.08254993930561,41.782867431640625,2194500,0.0,0.0
2016-06-15 00:00:00-04:00,41.82358362846288,41.82358362846288,41.22098390656332,41.45713806152344,1418600,0.0,0.0
2016-06-16 00:00:00-04:00,41.46528221176283,41.82358594434037,41.424566725713326,41.693294525146484,1115200,0.0,0.0
2016-06-17 00:00:00-04:00,41.54670941404589,41.78286354299766,41.261694846085916,41.75028991699219,1587200,0.0,0.0
2016-06-20 00:00:00-04:00,41.85615590576627,41.98644731353614,41.36756079683513,41.81543731689453,1836200,0.0,0.0
2016-06-21 00:00:00-04:00,41.742142531710286,42.019012123884366,41.52227833492925,41.83171844482422,1003700,0.0,0.0
2016-06-22 00:00:00-04:00,41.88058189758435,41.92129737746196,41.636285911926684,41.74214553833008,1053100,0.0,0.0
2016-06-23 00:00:00-04:00,41.742145272224434,41.937583923339844,41.57113839399343,41.937583923339844,1035600,0.0,0.0
2016-06-24 00:00:00-04:00,42.133028716107084,42.597192085475434,41.408279405135744,42.173744201660156,2136400,0.0,0.0
2016-06-27 00:00:00-04:00,42.124878767840244,42.84148303302407,41.93758507135657,42.59718704223633,1956900,0.0,0.0
2016-06-28 00:00:00-04:00,42.825187174306706,42.825187174306706,42.190017111135,42.57274627685547,1875000,0.0,0.0
2016-06-29 00:00:00-04:00,42.56461365111061,42.90662741883148,42.442464101843406,42.75190734863281,1767900,0.0,0.0
2016-06-30 00:00:00-04:00,42.865902193599034,43.63950858152037,42.727468968530765,43.63136672973633,2390700,0.0,0.0
2016-07-01 00:00:00-04:00,43.786092720377845,43.9163841113838,43.2893558214202,43.769805908203125,1518300,0.0,0.0
2016-07-05 00:00:00-04:00,43.76980080552841,44.03852851549536,43.64765128165409,43.7779426574707,3291200,0.0,0.0
2016-07-06 00:00:00-04:00,43.77794589189459,43.900095424793626,43.23235168609998,43.78609085083008,2390600,0.0,0.0
2016-07-07 00:00:00-04:00,43.67209301707812,43.67209301707812,42.72747955023079,42.87405776977539,2643200,0.0,0.0
2016-07-08 00:00:00-04:00,42.686757872380575,43.30564433374985,42.32845730964547,43.28121566772461,1782700,0.0,0.0
2016-07-11 00:00:00-04:00,43.10206093664268,43.23235232400804,42.654184486723736,43.11020278930664,1680100,0.0,0.0
2016-07-12 00:00:00-04:00,42.760045311237775,43.036914905509384,42.59718340222419,42.719329833984375,1874000,0.0,0.0
2016-07-13 00:00:00-04:00,42.93919841963027,43.08577662722813,42.76819154623007,43.06134796142578,1160800,0.0,0.0
2016-07-14 00:00:00-04:00,42.800770658966854,42.91477525584997,41.24541557350658,42.54018783569336,1263900,0.0,0.0
2016-07-15 00:00:00-04:00,42.62161846258339,42.84148580041253,42.572758018712825,42.76005172729492,1202500,0.0,0.0
2016-07-18 00:00:00-04:00,42.76819668780281,42.93920358176139,42.71119438981662,42.76005172729492,998100,0.0,0.0
2016-07-19 00:00:00-04:00,42.890337186849976,42.91476895859148,42.45060567859678,42.621612548828125,1015000,0.0,0.0
2016-07-20 00:00:00-04:00,42.621617439021485,42.64604610717398,42.34474780985521,42.51575469970703,827400,0.0,0.0
2016-07-21 00:00:00-04:00,42.37732279454936,42.572758358808336,42.08416634176861,42.54018783569336,2180800,0.0,0.0
2016-07-22 00:00:00-04:00,42.54018295564147,43.134637647190004,42.54018295564147,43.05320358276367,1712000,0.0,0.0
2016-07-25 00:00:00-04:00,43.020630944337974,43.110203751207,42.686755956223436,42.91476821899414,773200,0.0,0.0
2016-07-26 00:00:00-04:00,43.03691974090743,43.03691974090743,42.304031748827526,42.52389907836914,1196600,0.0,0.0
2016-07-27 00:00:00-04:00,42.39360192648335,42.54832197901511,41.742141879968784,42.157447814941406,1536900,0.0,0.0
2016-07-28 00:00:00-04:00,42.16560223795012,42.51576103010306,42.04345577260843,42.46690368652344,924100,0.0,0.0
2016-07-29 00:00:00-04:00,42.48316998678038,42.88218906538376,42.409884001444254,42.70303726196289,1206800,0.0,0.0
2016-08-01 00:00:00-04:00,42.6948955698636,42.82518694382301,42.5401755340341,42.768184661865234,1495400,0.0,0.0
2016-08-02 00:00:00-04:00,42.32031527041698,42.68675768475251,42.25516801944681,42.483177185058594,1020300,0.0,0.0
2016-08-03 00:00:00-04:00,42.409889221539636,42.450604698312816,41.8317182683502,42.059730529785156,1771500,0.0,0.0
2016-08-04 00:00:00-04:00,42.108599526218796,42.49947380304444,42.03531040516445,42.21446228027344,1474200,0.0,0.0
2016-08-05 00:00:00-04:00,42.3284612899742,42.54832862405216,41.42456328534001,41.530426025390625,2196700,0.0,0.0
2016-08-08 00:00:00-04:00,41.61185497016161,41.945726882054934,41.42456127386945,41.481563568115234,1279000,0.0,0.0
2016-08-09 00:00:00-04:00,41.41641942028808,41.725862665045234,41.30241483179651,41.481563568115234,912600,0.0,0.0
2016-08-10 00:00:00-04:00,41.57927695986525,41.70956833844253,41.42455381216056,41.54670333862305,975100,0.0,0.0
2016-08-11 00:00:00-04:00,41.54670333862305,41.66070790657924,41.29426243358327,41.54670333862305,875200,0.0,0.0
2016-08-12 00:00:00-04:00,41.71770702328479,41.929432438893045,41.55484203583026,41.571128845214844,1160300,0.0,0.0
2016-08-15 00:00:00-04:00,41.53041878656303,41.70142564779724,41.02554005541801,41.04996871948242,977500,0.0,0.0
2016-08-16 00:00:00-04:00,40.93596838857468,40.96854201496478,40.553236044470964,40.569522857666016,1726500,0.0,0.0
2016-08-17 00:00:00-04:00,40.504375560110326,41.40012847140621,40.1786455343345,41.29426574707031,2004800,0.0,0.0
2016-08-18 00:00:00-04:00,41.29427168581507,41.81543731689453,41.25355620333552,41.81543731689453,1477500,0.0,0.0
2016-08-19 00:00:00-04:00,41.72586860810539,41.74215231758744,40.92783016221483,41.18027114868164,1371400,0.0,0.0
2016-08-22 00:00:00-04:00,41.28612639828287,41.448991421048454,41.188408627180294,41.24541091918945,1284000,0.0,0.0
2016-08-23 00:00:00-04:00,41.31869515298647,41.595564727129776,41.058109283447266,41.058109283447266,820700,0.0,0.0
2016-08-24 00:00:00-04:00,40.952259715720544,41.11512475923081,40.67539007367079,40.976688385009766,1550500,0.0,0.0
2016-08-25 00:00:00-04:00,41.0255483321804,41.188413373714475,40.968546033602316,41.074405670166016,931600,0.0,0.0
2016-08-26 00:00:00-04:00,41.115119660262124,41.3268420160937,40.19493491898103,40.227508544921875,1397800,0.0,0.0
2016-08-29 00:00:00-04:00,40.317090711792524,40.65096268917746,40.317090711792524,40.52881622314453,1473000,0.0,0.0
2016-08-30 00:00:00-04:00,40.512517894451115,40.748672010626166,40.10535691058729,40.14607238769531,974400,0.0,0.0
2016-08-31 00:00:00-04:00,40.17050367876844,40.32522373248572,40.02392547781871,40.24378967285156,1449400,0.0,0.0
2016-09-01 00:00:00-04:00,40.227513940492386,40.308944909874576,39.96693111079852,40.02393341064453,1292800,0.0,0.0
2016-09-02 00:00:00-04:00,40.02392145316228,40.44736609511289,39.91805873947891,40.43922424316406,1898600,0.0,0.0
2016-09-06 00:00:00-04:00,40.67330984704986,41.04291849594428,40.47618418990415,40.93614196777344,1282400,0.425,0.0
2016-09-07 00:00:00-04:00,40.89508538036421,41.11685062579403,40.722602344987735,41.0839958190918,1073300,0.0,0.0
2016-09-08 00:00:00-04:00,40.98542889501597,41.264688447161646,40.755448412938925,40.944358825683594,1469600,0.0,0.0
2016-09-09 00:00:00-04:00,40.607606502106705,40.665100841541296,39.44950131274269,39.474143981933594,1926300,0.0,0.0
2016-09-12 00:00:00-04:00,39.490580073117265,40.1887275674176,39.42487045175821,40.13123321533203,1814900,0.0,0.0
2016-09-13 00:00:00-04:00,40.02445221414712,40.049091752824104,39.252383047935275,39.50699996948242,1773900,0.0,0.0
2016-09-14 00:00:00-04:00,39.61376703747046,40.024442627491766,39.49056624038773,39.82732009887695,1295700,0.0,0.0
2016-09-15 00:00:00-04:00,39.74519853413693,40.081952523388814,39.60557028325052,39.9587516784668,1523100,0.0,0.0
2016-09-16 00:00:00-04:00,39.8683990264411,40.61582869983076,39.62199422493373,40.55833435058594,2038400,0.0,0.0
2016-09-19 00:00:00-04:00,40.64868683959877,41.10864167124553,40.541910268020494,41.10042953491211,1841600,0.0,0.0
2016-09-20 00:00:00-04:00,41.24827987512683,41.626100873084276,41.14150328589266,41.149715423583984,1394200,0.0,0.0
2016-09-21 00:00:00-04:00,41.1086294472269,42.05318463827066,41.08398991234613,42.003902435302734,1602600,0.0,0.0
2016-09-22 00:00:00-04:00,42.16817552096862,42.27495206638942,41.773927276191664,42.225669860839844,1273300,0.0,0.0
2016-09-23 00:00:00-04:00,42.06961889909001,42.59528328363667,41.880708456718985,42.4638671875,1576300,0.0,0.0
2016-09-26 00:00:00-04:00,42.45564800081189,42.51314234174007,42.12710935739465,42.283164978027344,1164200,0.0,0.0
2016-09-27 00:00:00-04:00,42.513149909064175,42.636353880530024,41.45360891392794,41.527530670166016,1541000,0.0,0.0
2016-09-28 00:00:00-04:00,41.66715366976065,41.7328632817949,40.886869259491114,41.36325454711914,2037800,0.0,0.0
2016-09-29 00:00:00-04:00,41.15792376083056,41.240057656738465,40.48441578812247,40.73903274536133,1491500,0.0,0.0
2016-09-30 00:00:00-04:00,40.845796970202194,41.026495246428894,40.1640770672488,40.3940544128418,2012800,0.0,0.0
2016-10-03 00:00:00-04:00,40.22157755351081,40.311926705438516,39.57270921985445,39.942317962646484,1567500,0.0,0.0
2016-10-04 00:00:00-04:00,39.843755169798115,39.851970438421716,38.62815546968224,38.91563034057617,3360900,0.0,0.0
2016-10-05 00:00:00-04:00,39.022408911236994,39.38380558135044,38.833498439681044,39.18667984008789,4074600,0.0,0.0
2016-10-06 00:00:00-04:00,38.98954678512518,39.285233751188585,38.77599369487648,39.08810806274414,1230300,0.0,0.0
2016-10-07 00:00:00-04:00,39.40843046362666,39.69590526547335,38.90740572696221,38.956687927246094,1472300,0.0,0.0
2016-10-10 00:00:00-04:00,39.01418827442052,39.25238091269711,38.940266529203875,39.17845916748047,1352300,0.0,0.0
2016-10-11 00:00:00-04:00,39.014192292798185,39.17024793401486,38.4885278874294,38.50495529174805,1444200,0.0,0.0
2016-10-12 00:00:00-04:00,38.57065587213318,39.1866693403631,38.47209459451422,39.08810806274414,2038500,0.0,0.0
2016-10-13 00:00:00-04:00,39.12918368233609,39.769836828812345,39.04704978829813,39.457725524902344,1801200,0.0,0.0
2016-10-14 00:00:00-04:00,39.277021818515365,39.67127009567155,39.153817861126086,39.44950485229492,1658200,0.0,0.0
2016-10-17 00:00:00-04:00,39.6137750705715,39.74519116069936,39.32630335254392,39.57270812988281,1030300,0.0,0.0
2016-10-18 00:00:00-04:00,39.79446240920062,40.205137969392155,39.391998981602335,40.17228317260742,1076100,0.0,0.0
2016-10-19 00:00:00-04:00,40.07373100807206,40.15586488546395,39.827326242689786,39.99980926513672,1221900,0.0,0.0
2016-10-20 00:00:00-04:00,39.99981453657202,40.238007198888305,39.83554362693295,39.934104919433594,758000,0.0,0.0
2016-10-21 00:00:00-04:00,39.72054868439332,39.94231390755411,39.55627780058461,39.81089782714844,1069100,0.0,0.0
2016-10-24 00:00:00-04:00,40.016246032738536,40.18872909555375,39.695919449451054,39.9587516784668,997400,0.0,0.0
2016-10-25 00:00:00-04:00,39.81911611427574,40.27907403337188,39.761621766039596,40.27085876464844,1285600,0.0,0.0
2016-10-26 00:00:00-04:00,40.246219992277375,40.426918309154665,39.95053297673527,40.32835388183594,696200,0.0,0.0
2016-10-27 00:00:00-04:00,40.15586224597801,40.32013312317069,39.79446882271921,40.03266143798828,1114500,0.0,0.0
2016-10-28 00:00:00-04:00,40.09837550007658,40.44334472080893,39.99981420838461,40.139442443847656,1939000,0.0,0.0
2016-10-31 00:00:00-04:00,40.36941273905701,41.272897805903774,40.22156927237937,41.026493072509766,1469000,0.0,0.0
2016-11-01 00:00:00-04:00,41.03471351579,41.03471351579,40.34477824264512,40.38584518432617,1382000,0.0,0.0
2016-11-02 00:00:00-04:00,40.32835734644016,40.32835734644016,39.621997689214915,39.9587516784668,1293500,0.0,0.0
2016-11-03 00:00:00-04:00,39.86839571983428,40.45155443278397,39.7205522245503,40.3037109375,1527900,0.0,0.0
2016-11-04 00:00:00-04:00,41.02650188697529,41.289334076825384,40.467982700242125,40.54190444946289,1733000,0.0,0.0
2016-11-07 00:00:00-05:00,40.862227061646365,41.749287967124765,40.55832795878723,41.73286056518555,1779800,0.0,0.0
2016-11-08 00:00:00-05:00,41.83142399462591,42.26673920217655,41.69179263756587,42.0614013671875,1400300,0.0,0.0
2016-11-09 00:00:00-05:00,40.90329839048883,41.05935715905961,40.221578369470905,40.28728485107422,1905400,0.0,0.0
2016-11-10 00:00:00-05:00,40.00802300816797,40.00802300816797,38.83349034164207,39.26059341430664,2323700,0.0,0.0
2016-11-11 00:00:00-05:00,39.26059382249106,39.79447345217409,39.10453819426692,39.23595428466797,2161700,0.0,0.0
2016-11-14 00:00:00-05:00,39.00598007640584,39.97517186354161,38.57887696462708,39.934104919433594,3519200,0.0,0.0
2016-11-15 00:00:00-05:00,40.14765292147463,40.63225031984022,39.95874249610589,40.467979431152344,2124700,0.0,0.0
2016-11-16 00:00:00-05:00,40.54189997023038,40.67331605063605,39.58091733653364,39.81089782714844,1642500,0.0,0.0
2016-11-17 00:00:00-05:00,39.720549185494086,40.09015789542492,39.66305484541668,39.84375,1438900,0.0,0.0
2016-11-18 00:00:00-05:00,39.77805155329938,40.09837812214998,39.65484758072275,39.81911849975586,1224400,0.0,0.0
2016-11-21 00:00:00-05:00,39.8601832470949,40.34478070824299,39.81090416734876,40.114803314208984,867000,0.0,0.0
2016-11-22 00:00:00-05:00,40.18049727602168,40.681521985343146,40.057296481844844,40.599388122558594,1542400,0.0,0.0
2016-11-23 00:00:00-05:00,40.12301263588474,40.60761006304738,40.10658836592589,40.3037109375,1348300,0.0,0.0
2016-11-25 00:00:00-05:00,40.426915753569354,41.141490573819596,40.36120613951069,41.059356689453125,616600,0.0,0.0
2016-11-28 00:00:00-05:00,41.1907747383895,42.061405233520134,41.17434733409554,41.95463180541992,1825400,0.0,0.0
2016-11-29 00:00:00-05:00,41.73285962223573,42.19281433331497,41.6260830786467,41.8314208984375,1500400,0.0,0.0
2016-11-30 00:00:00-05:00,40.632254838738525,41.3468296808143,40.34477996826172,40.34477996826172,1962900,0.0,0.0
2016-12-01 00:00:00-05:00,40.12300097743032,40.24620489877013,39.68768588625318,40.17228317260742,1464500,0.0,0.0
2016-12-02 00:00:00-05:00,40.426921292122366,41.05936231465157,40.426921292122366,40.78831481933594,1749700,0.0,0.0
2016-12-05 00:00:00-05:00,40.68057049508137,40.75515304836186,40.11705857278773,40.73857879638672,1324900,0.44,0.0
2016-12-06 00:00:00-05:00,40.871174464334636,41.0783478965996,40.70543508627953,40.88774871826172,1625000,0.0,0.0
2016-12-07 00:00:00-05:00,41.08663953558269,41.592140090954,40.95404549470584,41.33524703979492,2040900,0.0,0.0
2016-12-08 00:00:00-05:00,40.92918011300118,41.40982396200846,40.440250718176586,41.285518646240234,1261700,0.0,0.0
2016-12-09 00:00:00-05:00,41.285530990511276,42.039642333984375,41.227522668799224,42.039642333984375,2790800,0.0,0.0
2016-12-12 00:00:00-05:00,41.90703720001441,42.59485443987982,41.72472358728567,42.54513168334961,1823700,0.0,0.0
2016-12-13 00:00:00-05:00,42.56999877541613,43.04235397913784,42.395973839564114,43.025779724121094,1550600,0.0,0.0
2016-12-14 00:00:00-05:00,43.116931466238945,43.39040189997227,41.965047748620385,42.0147705078125,1349000,0.0,0.0
2016-12-15 00:00:00-05:00,41.915326890167435,42.453975873080516,41.733013273161085,42.34624481201172,1059500,0.0,0.0
2016-12-16 00:00:00-05:00,42.37111708703264,42.96777450449665,42.37111708703264,42.76060104370117,1852400,0.0,0.0
2016-12-19 00:00:00-05:00,43.042345761669985,43.232944916150345,42.6445732008568,43.000911712646484,958600,0.0,0.0
2016-12-20 00:00:00-05:00,43.025779278951816,43.3821178550853,42.860043052930926,43.24952697753906,918300,0.0,0.0
2016-12-21 00:00:00-05:00,43.23294291631997,43.5312731134338,43.034058225720855,43.05063247680664,832800,0.0,0.0
2016-12-22 00:00:00-05:00,43.067222445340384,43.464995132921516,42.81861174953791,43.431846618652344,965000,0.0,0.0
2016-12-23 00:00:00-05:00,43.50642276460017,43.622439386177895,43.29924932286397,43.464988708496094,597600,0.0,0.0
2016-12-27 00:00:00-05:00,43.44841744678834,43.72188476488588,43.28267804973913,43.556148529052734,632900,0.0,0.0
2016-12-28 00:00:00-05:00,43.5727143810992,43.5727143810992,42.87661157672131,42.94290542602539,615100,0.0,0.0
2016-12-29 00:00:00-05:00,43.31582656139219,43.67216515862236,43.05893033790512,43.556148529052734,922600,0.0,0.0
2016-12-30 00:00:00-05:00,43.498137193578266,43.82132725671174,43.299249298687606,43.47327423095703,950700,0.0,0.0
2017-01-03 00:00:00-05:00,43.580999702374896,43.580999702374896,43.0340620132671,43.40697479248047,1107200,0.0,0.0
2017-01-04 00:00:00-05:00,43.46498044831848,43.854464295137404,43.28266684264882,43.45669174194336,1114300,0.0,0.0
2017-01-05 00:00:00-05:00,43.464991462130946,43.721884522980616,43.01749604093882,43.67216491699219,2256100,0.0,0.0
2017-01-06 00:00:00-05:00,43.481560637320506,44.252246052251884,43.43183787592582,44.00363540649414,1883800,0.0,0.0
2017-01-09 00:00:00-05:00,44.02850020280198,44.10308276739459,43.00920726084684,43.08378982543945,1588300,0.0,0.0
2017-01-10 00:00:00-05:00,43.13350500105976,43.46498373438978,42.81031497473151,43.06721115112305,1286600,0.0,0.0
2017-01-11 00:00:00-05:00,43.00920501806062,43.45669722106525,43.00091631064044,43.2578125,1674100,0.0,0.0
2017-01-12 00:00:00-05:00,43.24952480799773,43.41526418692045,42.934623465381854,43.05892562866211,1470200,0.0,0.0
2017-01-13 00:00:00-05:00,43.00920284697262,43.16665350663586,42.843463480307605,43.06721115112305,905500,0.0,0.0
2017-01-17 00:00:00-05:00,43.141797215135064,43.589289431927895,43.10035999918869,43.547855377197266,1052400,0.0,0.0
2017-01-18 00:00:00-05:00,43.41526736448826,43.639015068227685,43.29096519211032,43.39040756225586,880600,0.0,0.0
2017-01-19 00:00:00-05:00,43.23295464982419,43.3572599860967,42.80203664950245,42.934627532958984,915700,0.0,0.0
2017-01-20 00:00:00-05:00,43.017493966267196,43.423555309146536,42.90976288979458,43.13351058959961,806100,0.0,0.0
2017-01-23 00:00:00-05:00,43.224665615287265,43.423553505033865,43.034066433271974,43.07550048828125,665400,0.0,0.0
2017-01-24 00:00:00-05:00,43.01749459353713,43.29096506213626,42.91805222369015,43.14179992675781,1129900,0.0,0.0
2017-01-25 00:00:00-05:00,42.959485914092454,43.15008510517784,42.76888672300708,43.00920867919922,974400,0.0,0.0
2017-01-26 00:00:00-05:00,43.025773137147716,43.324103359344946,42.86003693478519,43.15836715698242,1061900,0.0,0.0
2017-01-27 00:00:00-05:00,43.290958408822064,43.340678005496265,42.818600111908985,42.94290542602539,649600,0.0,0.0
2017-01-30 00:00:00-05:00,43.100356281407564,43.100356281407564,42.55341858698046,42.835174560546875,592900,0.0,0.0
2017-01-31 00:00:00-05:00,42.86004044389252,43.63901140690602,42.793743428547195,43.6307258605957,1460100,0.0,0.0
2017-02-01 00:00:00-05:00,43.2909681465303,43.62244379004252,42.76889013550874,42.88490676879883,1076900,0.0,0.0
2017-02-02 00:00:00-05:00,42.976047743918045,43.60585344710172,42.83516819745453,43.58099365234375,1032200,0.0,0.0
2017-02-03 00:00:00-05:00,43.73845050653246,43.89590432562628,43.539565797761405,43.66386795043945,623300,0.0,0.0
2017-02-06 00:00:00-05:00,43.813036330363985,43.90419314585597,43.531280337577705,43.6307258605957,874700,0.0,0.0
2017-02-07 00:00:00-05:00,43.70530900484759,43.821325622032745,43.556143879547896,43.65558624267578,544300,0.0,0.0
2017-02-08 00:00:00-05:00,43.76332102417995,44.11965961358625,43.73017251325472,44.02021408081055,943300,0.0,0.0
2017-02-09 00:00:00-05:00,43.970485294496925,44.18594424809063,43.4815559246953,43.837894439697266,1261500,0.0,0.0
2017-02-10 00:00:00-05:00,43.68873751438594,43.96220482059014,43.57272088986198,43.862762451171875,1060100,0.0,0.0
2017-02-13 00:00:00-05:00,43.862753999839626,44.09478720418014,43.62243208893535,43.962196350097656,1404000,0.0,0.0
2017-02-14 00:00:00-05:00,43.84618483803665,43.84618483803665,43.30753265261075,43.6307258605957,1416700,0.0,0.0
2017-02-15 00:00:00-05:00,43.208087308622176,43.58100009116231,42.93462004223639,43.53956604003906,2209500,0.0,0.0
2017-02-16 00:00:00-05:00,43.100358750651345,43.98706393452247,43.092073204431536,43.87104415893555,2248200,0.0,0.0
2017-02-17 00:00:00-05:00,44.00364256843736,44.31854711942555,43.83790632591154,44.22739028930664,1846800,0.0,0.0
2017-02-21 00:00:00-05:00,44.10308658850814,44.72460696022346,44.00364105295811,44.65830993652344,1461800,0.0,0.0
2017-02-22 00:00:00-05:00,44.60858512887335,44.832329654733456,44.33511467981989,44.72460174560547,1145100,0.0,0.0
2017-02-23 00:00:00-05:00,44.94006310675546,44.973211616497316,44.49256770888801,44.807472229003906,1456100,0.0,0.0
2017-02-24 00:00:00-05:00,44.86547908089304,45.24667744687573,44.77432226267636,45.230106353759766,2108800,0.0,0.0
2017-02-27 00:00:00-05:00,45.205243223803706,45.238391732344105,44.650019931223,44.989784240722656,1616000,0.0,0.0
2017-02-28 00:00:00-05:00,44.88205566132054,45.43728214595426,44.83233289574835,45.32126235961914,2668600,0.0,0.0
2017-03-01 00:00:00-05:00,44.77431882041387,45.636161012111025,44.64172795716935,45.37926483154297,1674900,0.0,0.0
2017-03-02 00:00:00-05:00,45.18867894533898,46.000798616566804,45.080951010624425,45.677608489990234,906400,0.0,0.0
2017-03-03 00:00:00-05:00,45.68588740300354,45.76046996708337,45.10580114473999,45.48699951171875,920800,0.0,0.0
2017-03-06 00:00:00-05:00,45.45385100296865,45.71074720395822,45.29640032822937,45.48699951171875,1138200,0.0,0.0
2017-03-07 00:00:00-05:00,45.46213791784319,45.55329473270305,45.33783259554053,45.42898941040039,1005200,0.0,0.0
2017-03-08 00:00:00-05:00,44.981494525983386,45.15552261131664,44.72460149358576,44.84890365600586,1061800,0.0,0.0
2017-03-09 00:00:00-05:00,44.96492027208423,45.18866795789925,44.84061810966413,44.84890365600586,1288000,0.0,0.0
2017-03-10 00:00:00-05:00,45.09955837973944,45.30007653092578,44.68181515296846,45.02436447143555,1891100,0.44,0.0
2017-03-13 00:00:00-04:00,44.98258259523738,45.32513185132916,44.91574216130372,45.275001525878906,1718200,0.0,0.0
2017-03-14 00:00:00-04:00,45.25828993140782,45.3669040394202,45.032711442106496,45.13296890258789,1685400,0.0,0.0
2017-03-15 00:00:00-04:00,45.308413685903,45.968448511554755,45.23321980466258,45.77628707885742,1407800,0.0,0.0
2017-03-16 00:00:00-04:00,45.50893296848696,45.63425398245083,45.21651089498428,45.40867233276367,1388300,0.0,0.0
2017-03-17 00:00:00-04:00,45.47551445919138,46.18567645962239,45.433740786306075,45.99351501464844,2346100,0.0,0.0
2017-03-20 00:00:00-04:00,46.00187359808734,46.143904729301994,45.550710262828325,45.69274139404297,1380000,0.0,0.0
2017-03-21 00:00:00-04:00,45.625904780496896,46.46139103339117,45.625904780496896,46.36113357543945,1377100,0.0,0.0
2017-03-22 00:00:00-04:00,46.570006760882805,46.954329685691164,46.41126232754183,46.82065200805664,1776600,0.0,0.0
2017-03-23 00:00:00-04:00,46.6702725499242,47.20498335587329,46.62849886579588,46.82901382446289,1924400,0.0,0.0
2017-03-24 00:00:00-04:00,46.81230998202794,47.146505874062235,46.670278799546715,46.945987701416016,1141500,0.0,0.0
2017-03-27 00:00:00-04:00,47.138142911565744,47.26346715107848,46.762176567283156,46.82901382446289,1083300,0.0,0.0
2017-03-28 00:00:00-04:00,46.73710082077932,47.15484395599692,45.859840874247794,46.21074676513672,5066700,0.0,0.0
2017-03-29 00:00:00-04:00,46.118832281407556,46.244153281207716,45.80970332401541,46.06034851074219,1996800,0.0,0.0
2017-03-30 00:00:00-04:00,45.91832306167248,45.94338981616048,45.51729004826238,45.69274139404297,1310100,0.0,0.0
2017-03-31 00:00:00-04:00,45.5841359535539,45.87655489831739,45.534005625682674,45.60919952392578,2105200,0.0,0.0
2017-04-03 00:00:00-04:00,45.550717468650134,45.609201259828744,45.233231754303674,45.592491149902344,1428700,0.0,0.0
2017-04-04 00:00:00-04:00,45.64261388118851,45.985163109833856,45.525646318303814,45.71780776977539,977800,0.0,0.0
2017-04-05 00:00:00-04:00,45.62590223128003,46.026935227807456,45.442094246032354,45.99351501464844,2026700,0.0,0.0
2017-04-06 00:00:00-04:00,45.985165584796995,46.0854230459331,45.61754958208589,45.70945358276367,2280300,0.0,0.0
2017-04-07 00:00:00-04:00,45.809718317238804,45.9183292485213,45.50894271987418,45.550716400146484,1870100,0.0,0.0
2017-04-10 00:00:00-04:00,45.575775905539786,45.75122725930978,45.27500033500424,45.70945358276367,1156700,0.0,0.0
2017-04-11 00:00:00-04:00,45.53399532962423,45.834770854585884,45.358544002438855,45.77628707885742,1522700,0.0,0.0
2017-04-12 00:00:00-04:00,45.70109969586531,46.302647644196085,45.58413212777675,46.277584075927734,2243100,0.0,0.0
2017-04-13 00:00:00-04:00,46.25251506964523,46.25251506964523,45.72615788800452,45.94338607788086,1885800,0.0,0.0
2017-04-17 00:00:00-04:00,46.09378021843192,46.36113878153792,45.89326528001176,46.31100845336914,2073800,0.0,0.0
2017-04-18 00:00:00-04:00,46.34443872599202,46.50318001893886,46.11050033091521,46.23582458496094,1139300,0.0,0.0
2017-04-19 00:00:00-04:00,46.16061979692383,46.2942974824253,45.70945641318359,45.85984420776367,1045700,0.0,0.0
2017-04-20 00:00:00-04:00,45.85983603371183,45.85983603371183,45.14131740703732,45.56741714477539,2445600,0.0,0.0
2017-04-21 00:00:00-04:00,45.55071624165925,46.143910785993604,45.500585913230395,46.02694320678711,1262600,0.0,0.0
2017-04-24 00:00:00-04:00,46.168974117121344,46.51988004004783,45.76794105315356,46.31100845336914,1463900,0.0,0.0
2017-04-25 00:00:00-04:00,46.11883884190811,46.269226612762445,45.84312686629952,46.01858139038086,1806700,0.0,0.0
2017-04-26 00:00:00-04:00,45.901622115593014,46.38620576213285,45.77630106664933,46.08543014526367,1794400,0.0,0.0
2017-04-27 00:00:00-04:00,46.02694078110919,46.277586035789135,45.926683316662675,45.976810455322266,1245500,0.0,0.0
2017-04-28 00:00:00-04:00,45.94338981616048,46.043647272731235,45.51729004826238,45.69274139404297,1102800,0.0,0.0
2017-05-01 00:00:00-04:00,45.77630361967771,45.793013731227695,45.17475235238974,45.34185028076172,1088400,0.0,0.0
2017-05-02 00:00:00-04:00,45.492232183994474,45.64261998126738,45.06613236267875,45.32513427734375,1837100,0.0,0.0
2017-05-03 00:00:00-04:00,45.30842344221324,45.69274639036457,45.25829311488277,45.31678009033203,1592400,0.0,0.0
2017-05-04 00:00:00-04:00,45.42538708791886,45.82642011047649,44.88232293090686,45.79300308227539,1469500,0.0,0.0
2017-05-05 00:00:00-04:00,45.90996720276604,46.051998326559456,45.70944911297466,45.7679328918457,1210600,0.0,0.0
2017-05-08 00:00:00-04:00,45.78465123601817,45.909975463077494,45.483875640777775,45.64262008666992,875500,0.0,0.0
2017-05-09 00:00:00-04:00,45.64261579036143,45.69274292676474,45.23322611601369,45.291709899902344,936500,0.0,0.0
2017-05-10 00:00:00-04:00,45.3167819043783,45.57578063813497,45.24158800393627,45.49223327636719,1025400,0.0,0.0
2017-05-11 00:00:00-04:00,45.375265695041264,45.49223327636719,45.007649654156864,45.49223327636719,1220400,0.0,0.0
2017-05-12 00:00:00-04:00,45.508934254692484,46.0269348053956,45.508934254692484,45.89325714111328,1316300,0.0,0.0
2017-05-15 00:00:00-04:00,45.83478178817725,46.11884727538894,45.77629799849786,46.093780517578125,1080900,0.0,0.0
2017-05-16 00:00:00-04:00,46.035283949143476,46.219091915471886,45.617540889034636,45.66767120361328,1650900,0.0,0.0
2017-05-17 00:00:00-04:00,45.66768256062966,45.93503793061733,45.458810978631334,45.475521087646484,2385200,0.0,0.0
2017-05-18 00:00:00-04:00,45.65097927609572,46.244173892738566,45.30007649570233,46.20240020751953,3231000,0.0,0.0
2017-05-19 00:00:00-04:00,46.1856894849394,46.686983262319075,45.82643005997871,46.45304489135742,1980600,0.0,0.0
2017-05-22 00:00:00-04:00,46.352778053267286,47.230038002675094,46.352778053267286,47.13813400268555,2605600,0.0,0.0
2017-05-23 00:00:00-04:00,47.21332824197018,47.69791181379616,47.09636067280591,47.17155456542969,2437400,0.0,0.0
2017-05-24 00:00:00-04:00,47.054589300179295,47.20497709279023,46.720393497237794,46.90420150756836,3260200,0.0,0.0
2017-05-25 00:00:00-04:00,46.55330495951381,46.98775828612939,46.127205094872764,46.82901382446289,2165400,0.0,0.0
2017-05-26 00:00:00-04:00,46.77887421401428,46.96267901262917,46.68697022114336,46.91255187988281,1187800,0.0,0.0
2017-05-30 00:00:00-04:00,46.9292627795167,47.26345856609511,46.6786175331465,47.17155456542969,1189900,0.0,0.0
2017-05-31 00:00:00-04:00,47.2634610836948,47.58930024004537,47.2634610836948,47.413848876953125,2086000,0.0,0.0
2017-06-01 00:00:00-04:00,47.41385375833986,47.53082134577683,47.13814171327182,47.45562744140625,2592100,0.0,0.0
2017-06-02 00:00:00-04:00,47.647791470056205,47.79817928680425,47.24675835443738,47.7647590637207,1508300,0.0,0.0
2017-06-05 00:00:00-04:00,47.72298352334559,47.75640374513002,47.51411191788454,47.52246856689453,823600,0.0,0.0
2017-06-06 00:00:00-04:00,47.62272744545124,47.79817883428695,47.430565945231955,47.47233963012695,1091200,0.0,0.0
2017-06-07 00:00:00-04:00,47.59765937843313,47.739690531093096,47.43891492883956,47.530818939208984,1362000,0.0,0.0
2017-06-08 00:00:00-04:00,47.530814237659364,47.530814237659364,46.67861784461257,47.07965087890625,1367300,0.0,0.0
2017-06-09 00:00:00-04:00,46.89584426915553,47.13813286028758,46.80394027139328,47.02952194213867,1169300,0.0,0.0
2017-06-12 00:00:00-04:00,47.16425403526838,47.298984863247135,46.987420425840575,47.26530456542969,1463800,0.44,0.0
2017-06-13 00:00:00-04:00,47.164258293424325,47.4421424581018,46.995847152423366,47.40003967285156,1024800,0.0,0.0
2017-06-14 00:00:00-04:00,47.72001593567517,47.91369449951434,47.341087715541754,47.50107955932617,755500,0.0,0.0
2017-06-15 00:00:00-04:00,47.501087348638734,47.686343459783814,47.34951475083578,47.56003189086914,1909100,0.0,0.0
2017-06-16 00:00:00-04:00,47.58529126704883,48.06527328491211,47.58529126704883,48.06527328491211,1802200,0.0,0.0
2017-06-19 00:00:00-04:00,48.115790481207306,48.115790481207306,47.66107274951827,47.821067810058594,811200,0.0,0.0
2017-06-20 00:00:00-04:00,47.86316759409987,48.08210396293029,47.728436779688224,48.07368469238281,1087200,0.0,0.0
2017-06-21 00:00:00-04:00,48.056844997232474,48.13263128434956,47.282143584245574,47.551605224609375,1136900,0.0,0.0
2017-06-22 00:00:00-04:00,47.50109069187923,47.59371875397116,47.35794056845488,47.383201599121094,840600,0.0,0.0
2017-06-23 00:00:00-04:00,47.383196503805834,47.53476909597759,47.02110677942181,47.10531234741211,973300,0.0,0.0
2017-06-26 00:00:00-04:00,46.92005363734288,47.69475504594824,46.886370129428876,47.517921447753906,1393000,0.0,0.0
2017-06-27 00:00:00-04:00,47.31582561456596,47.56844872237403,46.90321386798712,47.06320571899414,2075600,0.0,0.0
2017-06-28 00:00:00-04:00,47.248464322389296,47.416878665811204,46.54112664980641,46.591651916503906,1082800,0.0,0.0
2017-06-29 00:00:00-04:00,46.22956394694515,46.31376951571547,45.87589349118941,46.06114959716797,1567900,0.0,0.0
2017-06-30 00:00:00-04:00,46.08641012523356,46.28008550109282,45.791687425499155,46.035884857177734,1944800,0.0,0.0
2017-07-03 00:00:00-04:00,46.18746399928183,46.24640854758806,45.5811767578125,45.5811767578125,800000,0.0,0.0
2017-07-05 00:00:00-04:00,45.57274575056706,45.640112771597934,45.09276696854937,45.35380935668945,1475500,0.0,0.0
2017-07-06 00:00:00-04:00,45.21907809606055,45.32012541440781,45.08434726751875,45.26118087768555,1082600,0.0,0.0
2017-07-07 00:00:00-04:00,45.278027507726705,45.79168985067058,45.244343993905574,45.58959197998047,1156400,0.0,0.0
2017-07-10 00:00:00-04:00,45.631690587211324,45.81694668402521,45.3874931649633,45.429595947265625,1679700,0.0,0.0
2017-07-11 00:00:00-04:00,45.4801176709554,45.50538190994249,45.1264504474998,45.31170654296875,862100,0.0,0.0
2017-07-12 00:00:00-04:00,45.724312505201084,45.90956857717704,45.59800417522871,45.80852127075195,1144700,0.0,0.0
2017-07-13 00:00:00-04:00,45.78325583505911,45.78325583505911,45.294857856608054,45.54747772216797,1431100,0.0,0.0
2017-07-14 00:00:00-04:00,45.87589642721643,46.00220800069231,45.66537927958113,45.83379364013672,720500,0.0,0.0
2017-07-17 00:00:00-04:00,45.86747078346086,46.32218531789093,45.62327015518785,46.22113800048828,2809200,0.0,0.0
2017-07-18 00:00:00-04:00,46.26323861440445,46.768481602220945,46.15377203077827,46.61690902709961,2213400,0.0,0.0
2017-07-19 00:00:00-04:00,46.675854366396834,46.88637147856271,46.49902076311419,46.869529724121094,1134300,0.0,0.0
2017-07-20 00:00:00-04:00,47.0379454575609,47.400035158251754,46.861111849010385,47.27372360229492,1198300,0.0,0.0
2017-07-21 00:00:00-04:00,47.231625694317124,47.644240702410734,47.19794218095507,47.602134704589844,1243900,0.0,0.0
2017-07-24 00:00:00-04:00,47.59370964658766,47.720017987985614,46.9874193287215,47.08846664428711,1231400,0.0,0.0
2017-07-25 00:00:00-04:00,47.130576262394804,47.13899553424113,46.819008596060186,46.987422943115234,912900,0.0,0.0
2017-07-26 00:00:00-04:00,46.9621485630972,47.49265248120537,46.869520537941035,47.4421272277832,706400,0.0,0.0
2017-07-27 00:00:00-04:00,47.315834567695376,47.47582966121302,47.03795359365646,47.383201599121094,1092200,0.0,0.0
2017-07-28 00:00:00-04:00,47.45055351717842,47.45055351717842,47.13056983487236,47.29056167602539,715900,0.0,0.0
2017-07-31 00:00:00-04:00,47.29057272753841,47.46740636364869,47.172683636798226,47.240047454833984,1185800,0.0,0.0
2017-08-01 00:00:00-04:00,47.32425374994446,47.72002378912041,47.290570236582404,47.602134704589844,1278900,0.0,0.0
2017-08-02 00:00:00-04:00,47.45898909131655,47.846339894999716,47.324258237329495,47.77055358886719,904400,0.0,0.0
2017-08-03 00:00:00-04:00,47.618978038615055,47.99790954589844,47.492669677678414,47.99790954589844,1611200,0.0,0.0
2017-08-04 00:00:00-04:00,47.99789587933084,48.5452415909193,47.37476388786454,48.41893005371094,1307000,0.0,0.0
2017-08-07 00:00:00-04:00,48.47788333852543,48.96628461090773,48.46104158303952,48.78944778442383,2400700,0.0,0.0
2017-08-08 00:00:00-04:00,48.713659447566535,49.47152235146216,48.696820905023316,49.20206069946289,1657800,0.0,0.0
2017-08-09 00:00:00-04:00,49.31995277784648,49.36205556124418,48.713662417762905,48.90734100341797,1881400,0.0,0.0
2017-08-10 00:00:00-04:00,48.924180780554735,49.353637533854354,48.70524437402459,49.29469299316406,1401600,0.0,0.0
2017-08-11 00:00:00-04:00,49.218908737208494,49.25259225106729,48.65472112290205,48.797874450683594,1106400,0.0,0.0
2017-08-14 00:00:00-04:00,48.94943714134695,49.27784330439501,48.76418106486402,49.21889877319336,896900,0.0,0.0
2017-08-15 00:00:00-04:00,49.03364026539179,49.538883209228516,49.03364026539179,49.538883209228516,1178100,0.0,0.0
2017-08-16 00:00:00-04:00,49.52203446424657,49.82517633306324,49.41256469336989,49.7999153137207,1088900,0.0,0.0
2017-08-17 00:00:00-04:00,49.783084361162516,49.9599211716217,49.54730623019843,49.60625076293945,1366100,0.0,0.0
2017-08-18 00:00:00-04:00,49.522049800915134,50.31359303705958,49.31153267523706,49.8588752746582,1759000,0.0,0.0
2017-08-21 00:00:00-04:00,49.94308026541377,49.98518304490972,49.73256315569783,49.90097427368164,1293900,0.0,0.0
2017-08-22 00:00:00-04:00,49.87570793237373,50.515681676550116,49.79150238235696,50.44831466674805,1736500,0.0,0.0
2017-08-23 00:00:00-04:00,50.41464363346992,50.74304985690691,50.3304380626223,50.7346305847168,999500,0.0,0.0
2017-08-24 00:00:00-04:00,50.69251994240405,50.869353541118386,50.557789122587955,50.7430419921875,738300,0.0,0.0
2017-08-25 00:00:00-04:00,50.92829851290748,51.0125072836658,50.74304242947533,50.835670471191406,1089100,0.0,0.0
2017-08-28 00:00:00-04:00,50.995666269691526,51.079871829435895,50.768307403698294,51.004085540771484,588400,0.0,0.0
2017-08-29 00:00:00-04:00,51.07144802245051,51.1893370805168,50.85250844698233,50.877769470214844,842700,0.0,0.0
2017-08-30 00:00:00-04:00,50.81041691168997,50.96198950908945,50.642002557664256,50.7767333984375,712200,0.0,0.0
2017-08-31 00:00:00-04:00,50.77673285889209,50.987249996128156,50.41464312586712,50.51569366455078,2029100,0.0,0.0
2017-09-01 00:00:00-04:00,50.66726592792501,50.8356802897335,50.15360678215243,50.3557014465332,1177900,0.0,0.0
2017-09-05 00:00:00-04:00,50.389381540857855,50.52411237871162,50.212547918469134,50.40622329711914,1174800,0.0,0.0
2017-09-06 00:00:00-04:00,50.49885027033875,50.52411129807211,50.01887146998598,50.077816009521484,1458300,0.0,0.0
2017-09-07 00:00:00-04:00,50.119916204758994,50.44832239727839,49.943082595284906,50.42306137084961,1361500,0.0,0.0
2017-09-08 00:00:00-04:00,50.47359152978723,50.759894986827014,50.13676601177603,50.59990310668945,920200,0.0,0.0
2017-09-11 00:00:00-04:00,50.62515139191934,51.29038619995117,50.532523353809076,51.29038619995117,1194800,0.0,0.0
2017-09-12 00:00:00-04:00,51.12924037500709,51.15468844851845,50.238635456752164,50.42523956298828,1794600,0.44,0.0
2017-09-13 00:00:00-04:00,50.29800117439766,50.29800117439766,49.73819217730935,49.95024108886719,2736300,0.0,0.0
2017-09-14 00:00:00-04:00,49.88238885718198,50.51853561401367,49.69578477311624,50.51853561401367,1650300,0.0,0.0
2017-09-15 00:00:00-04:00,50.76450855798813,50.94263210425227,50.37433933399933,50.73058319091797,2251600,0.0,0.0
2017-09-18 00:00:00-04:00,50.764516149449086,50.764516149449086,49.87391122738351,50.25559997558594,1030500,0.0,0.0
2017-09-19 00:00:00-04:00,50.34041825935975,50.35738256323654,50.03507049640794,50.25559997558594,1607900,0.0,0.0
2017-09-20 00:00:00-04:00,50.323448862571894,50.5015691703841,49.59400009464425,49.82301330566406,1412100,0.0,0.0
2017-09-21 00:00:00-04:00,49.89086578638313,50.19621672530274,49.72970978444644,49.88238525390625,766100,0.0,0.0
2017-09-22 00:00:00-04:00,50.077471765841224,50.077471765841224,49.483734165932944,49.627925872802734,1123600,0.0,0.0
2017-09-25 00:00:00-04:00,49.68730033054569,50.70513247290386,49.66185226206011,50.3658561706543,2353500,0.0,0.0
2017-09-26 00:00:00-04:00,50.25559070207201,50.3743375716874,49.95023975985557,50.162288665771484,1367000,0.0,0.0
2017-09-27 00:00:00-04:00,49.75515720840158,49.97568665598861,49.02570842424426,49.12749099731445,2112400,0.0,0.0
2017-09-28 00:00:00-04:00,48.99177876401279,49.77212043566874,48.82214222442678,49.50069808959961,1855600,0.0,0.0
2017-09-29 00:00:00-04:00,49.33105750396356,49.58551554477178,49.00874225994806,49.059635162353516,1838800,0.0,0.0
2017-10-02 00:00:00-04:00,49.314093213707544,49.72122672620967,49.13597290866465,49.52614212036133,1383000,0.0,0.0
2017-10-03 00:00:00-04:00,49.4922193507948,49.4922193507948,48.915445997882145,49.13597869873047,1154700,0.0,0.0
2017-10-04 00:00:00-04:00,49.17838631466275,49.712750511817525,49.085084269933056,49.66185760498047,1189500,0.0,0.0
2017-10-05 00:00:00-04:00,49.653378842024196,49.93328175058335,49.46677474591147,49.9078369140625,1447600,0.0,0.0
2017-10-06 00:00:00-04:00,49.66185280451075,49.95872321228246,49.50917733436747,49.856937408447266,1178700,0.0,0.0
2017-10-09 00:00:00-04:00,49.9417593452868,50.170772552490234,49.87390214214081,50.170772552490234,892600,0.0,0.0
2017-10-10 00:00:00-04:00,50.27255562682237,50.798436014050615,50.077471019231396,50.77299118041992,1555500,0.0,0.0
2017-10-11 00:00:00-04:00,50.73906776553872,51.095311650834915,50.51005453262186,50.70513916015625,1362500,0.0,0.0
2017-10-12 00:00:00-04:00,50.713619224887545,51.22253532601088,50.60335288325395,51.18012619018555,1287200,0.0,0.0
2017-10-13 00:00:00-04:00,51.30735152251492,51.51940041530235,50.92566286837568,51.23949432373047,1159300,0.0,0.0
2017-10-16 00:00:00-04:00,51.14619132374553,51.77385745816721,51.001999632475666,51.43457794189453,1575100,0.0,0.0
2017-10-17 00:00:00-04:00,51.247986697013864,51.773870402274866,51.247986697013864,51.697532653808594,1130400,0.0,0.0
2017-10-18 00:00:00-04:00,51.57878035349134,51.83323840981622,51.4769945424736,51.748416900634766,882200,0.0,0.0
2017-10-19 00:00:00-04:00,51.756897444431175,52.22340439122744,51.756897444431175,52.21492385864258,832300,0.0,0.0
2017-10-20 00:00:00-04:00,52.15555042371994,52.367599330046374,51.926537216614236,52.21492385864258,955300,0.0,0.0
2017-10-23 00:00:00-04:00,52.325191272191,52.38456471200635,52.07073321075236,52.35063934326172,923100,0.0,0.0
2017-10-24 00:00:00-04:00,52.257340646008124,52.43546097686223,52.08770084898088,52.35912322998047,838400,0.0,0.0
2017-10-25 00:00:00-04:00,52.164028521449524,52.34214881790334,51.33279723572232,51.82474899291992,1736100,0.0,0.0
2017-10-26 00:00:00-04:00,52.164034620894114,52.55420385939836,51.93502139769995,52.062252044677734,1298000,0.0,0.0
2017-10-27 00:00:00-04:00,52.062250737904904,52.42697513210284,51.88412718948498,52.41849136352539,968100,0.0,0.0
2017-10-30 00:00:00-04:00,52.41849495181694,52.58813474327205,52.23189409326522,52.44394302368164,688900,0.0,0.0
2017-10-31 00:00:00-04:00,52.342161486603416,52.706885935585994,52.27430750584001,52.57965850830078,1127700,0.0,0.0
2017-11-01 00:00:00-04:00,52.57116684182265,52.622059746458305,52.147069010021305,52.41849136352539,1253900,0.0,0.0
2017-11-02 00:00:00-04:00,52.494833679472066,53.00375306336998,52.3760867939122,52.85955810546875,2550200,0.0,0.0
2017-11-03 00:00:00-04:00,52.23189379694017,53.292138443007225,52.155556052998946,52.749290466308594,1979000,0.0,0.0
2017-11-06 00:00:00-05:00,52.93589605947067,53.17338983152445,52.54572679520803,52.689918518066406,1466000,0.0,0.0
2017-11-07 00:00:00-05:00,52.87651857585538,53.44480812573205,52.5966124496584,53.3260612487793,1450800,0.0,0.0
2017-11-08 00:00:00-05:00,53.24123981117873,53.56355505490158,52.83410629913333,53.1479377746582,1693700,0.0,0.0
2017-11-09 00:00:00-05:00,52.92741262074934,53.351510467916846,52.74928906587554,53.283653259277344,1000700,0.0,0.0
2017-11-10 00:00:00-05:00,52.978305472212284,53.24124731806159,52.73232792954133,52.995269775390625,1239800,0.0,0.0
2017-11-13 00:00:00-05:00,53.122500645399114,53.792572827787666,53.04616289859409,53.767127990722656,844800,0.0,0.0
2017-11-14 00:00:00-05:00,53.65685348792293,54.878254015684774,53.53810661884172,54.74254608154297,1078600,0.0,0.0
2017-11-15 00:00:00-05:00,54.85281198403743,55.039416065329675,54.225149005233895,54.326934814453125,979000,0.0,0.0
2017-11-16 00:00:00-05:00,54.284526547152275,54.462646873338734,53.87739298632182,53.97917556762695,1138600,0.0,0.0
2017-11-17 00:00:00-05:00,53.801046973222235,54.11487843812213,53.631407206710875,53.69078063964844,1211800,0.0,0.0
2017-11-20 00:00:00-05:00,53.80953431968658,53.86890776014288,53.461774210323966,53.57204055786133,860800,0.0,0.0
2017-11-21 00:00:00-05:00,53.75864464821535,53.9961384100406,53.55507625550098,53.57204055786133,1119000,0.0,0.0
2017-11-22 00:00:00-05:00,53.60596239101819,53.699264424409186,53.114007391541804,53.368465423583984,925900,0.0,0.0
2017-11-24 00:00:00-05:00,53.614445723777834,53.6738191598353,53.34302337734099,53.41936111450195,395000,0.0,0.0
2017-11-27 00:00:00-05:00,53.538114750307585,53.94524832139771,53.402403559944204,53.767127990722656,1168400,0.0,0.0
2017-11-28 00:00:00-05:00,53.885865265347476,54.21666103062321,53.885865265347476,54.15728759765625,622400,0.0,0.0
2017-11-29 00:00:00-05:00,54.04702063903304,54.48807947082268,53.83497175483798,54.013092041015625,916900,0.0,0.0
2017-11-30 00:00:00-05:00,54.030073237305096,54.43720683401284,54.030073237305096,54.25060272216797,3716100,0.0,0.0
2017-12-01 00:00:00-05:00,54.44567976806532,54.58987147262247,53.750156372052835,54.072471618652344,1113100,0.0,0.0
2017-12-04 00:00:00-05:00,54.19970831412738,54.30148765990796,53.41936656184038,53.51266860961914,1700500,0.0,0.0
2017-12-05 00:00:00-05:00,53.56356260723008,53.71623810022516,52.63902911547544,52.995269775390625,1768800,0.0,0.0
2017-12-06 00:00:00-05:00,53.12248798825332,53.29212774469109,52.91891963340615,53.19034194946289,1355200,0.0,0.0
2017-12-07 00:00:00-05:00,53.21580215463915,53.21580215463915,52.8595582612994,53.15642547607422,740600,0.0,0.0
2017-12-08 00:00:00-05:00,53.02071125947294,53.61444889072861,52.893483847095865,53.59748458862305,1222300,0.0,0.0
2017-12-11 00:00:00-05:00,53.35151973970766,54.03855630072666,53.35151973970766,53.99614715576172,787600,0.0,0.0
2017-12-12 00:00:00-05:00,53.90045123696019,53.95171294384561,52.37117786830989,52.42243957519531,1677400,0.458,0.0
2017-12-13 00:00:00-05:00,51.94399847127545,52.78125332921211,51.5339146587589,52.328453063964844,2028800,0.0,0.0
2017-12-14 00:00:00-05:00,52.24302807423047,52.34554822812909,51.77313724582656,51.96963882446289,1526800,0.0,0.0
2017-12-15 00:00:00-05:00,52.114879416690584,52.49078884905858,51.96964279249971,52.06361770629883,2832200,0.0,0.0
2017-12-18 00:00:00-05:00,52.063613472474366,52.30283150912545,51.39722758685809,51.61081314086914,1709700,0.0,0.0
2017-12-19 00:00:00-05:00,51.7047929395963,51.8414875681197,50.79918898871813,50.82482147216797,1536300,0.0,0.0
2017-12-20 00:00:00-05:00,50.8248185251291,50.99568435658307,50.09862570522245,50.14134216308594,1856400,0.0,0.0
2017-12-21 00:00:00-05:00,49.996106890221384,50.27803812689788,49.799608571554266,49.86795425415039,1649500,0.0,0.0
2017-12-22 00:00:00-05:00,50.07299648231572,50.260952807783276,49.99610555453871,50.14134216308594,1032000,0.0,0.0
2017-12-26 00:00:00-05:00,50.16697667561944,50.38910422093457,49.791064009468805,49.80815124511719,598000,0.0,0.0
2017-12-27 00:00:00-05:00,50.141341838009545,50.19260354254749,49.85086536374146,50.14988708496094,1081800,0.0,0.0
2017-12-28 00:00:00-05:00,50.2438634409589,50.534339904785156,50.04736513587888,50.534339904785156,1123100,0.0,0.0
2017-12-29 00:00:00-05:00,50.61123723872359,50.78210308456615,50.389106424636886,50.39765167236328,1193000,0.0,0.0
2018-01-02 00:00:00-05:00,50.389106162248225,50.43182262348643,49.68854576895898,49.88504409790039,1313800,0.0,0.0
2018-01-03 00:00:00-05:00,49.688538277151025,50.09862210951001,49.398061821848,49.62873458862305,1373800,0.0,0.0
2018-01-04 00:00:00-05:00,49.517673064200935,49.97901863376316,48.97089457837467,49.06487274169922,1647500,0.0,0.0
2018-01-05 00:00:00-05:00,49.22719900791308,49.389526119479875,48.89400605541261,49.03070068359375,1321500,0.0,0.0
2018-01-08 00:00:00-05:00,49.21864816691959,49.628731977704476,48.93671371378575,49.61164474487305,964200,0.0,0.0
2018-01-09 00:00:00-05:00,49.466413892283484,49.543304819415695,48.89400293273107,48.97089385986328,1165300,0.0,0.0
2018-01-10 00:00:00-05:00,48.68042124913438,48.76585742998143,48.1763591888365,48.25325012207031,1017500,0.0,0.0
2018-01-11 00:00:00-05:00,48.44120871578912,48.483925178672536,47.749190284471695,47.97132110595703,1497700,0.0,0.0
2018-01-12 00:00:00-05:00,47.808995845955444,48.00549419011641,47.347650207112814,47.43308639526367,1385100,0.0,0.0
2018-01-16 00:00:00-05:00,47.56122794094028,47.77481348748818,46.84358363323385,47.38181686401367,1684900,0.0,0.0
2018-01-17 00:00:00-05:00,47.53560467660399,47.791906712776296,47.24512816652678,47.66375732421875,1600800,0.0,0.0
2018-01-18 00:00:00-05:00,47.63811571572066,47.66374819576886,46.920468196446045,47.3220100402832,1807700,0.0,0.0
2018-01-19 00:00:00-05:00,47.50997731237727,47.66375919191803,47.08280614899903,47.12552261352539,1450000,0.0,0.0
2018-01-22 00:00:00-05:00,47.390357038315734,47.706462700835,47.21094272153671,47.2451171875,1065600,0.0,0.0
2018-01-23 00:00:00-05:00,47.253663162914464,48.16780895767593,47.228030683518114,47.90296173095703,1351100,0.0,0.0
2018-01-24 00:00:00-05:00,47.86025130700082,47.98840068390132,47.56122957611915,47.621036529541016,2683600,0.0,0.0
2018-01-25 00:00:00-05:00,47.6210339596903,48.56935103018334,47.56977225626227,48.47537612915039,1849100,0.0,0.0
2018-01-26 00:00:00-05:00,48.58644537180665,48.774401719479975,48.06529605075403,48.6291618347168,1616600,0.0,0.0
2018-01-29 00:00:00-05:00,48.34722858423507,48.381403056780826,47.72355912603181,47.74064636230469,1270400,0.0,0.0
2018-01-30 00:00:00-05:00,47.766265923722116,48.125091294745445,47.61248408743446,47.920047760009766,1299600,0.0,0.0
2018-01-31 00:00:00-05:00,47.94568092231798,48.475375406002186,47.65520445867257,48.38139724731445,2066600,0.0,0.0
2018-02-01 00:00:00-05:00,48.37285042067358,48.37285042067358,46.95464261721162,47.16822814941406,3167100,0.0,0.0
2018-02-02 00:00:00-05:00,46.91193510679388,47.33910625264305,46.79232770740526,46.89484786987305,1440600,0.0,0.0
2018-02-05 00:00:00-05:00,46.92047881275168,47.45017339950969,46.14302742921812,46.262638092041016,1921600,0.0,0.0
2018-02-06 00:00:00-05:00,45.72439058653748,45.843997961713306,44.33181202044065,45.28013229370117,2420800,0.0,0.0
2018-02-07 00:00:00-05:00,45.28014286862803,45.980703308889765,45.10927375316137,45.442466735839844,2669900,0.0,0.0
2018-02-08 00:00:00-05:00,45.297218898671886,46.3907757525997,44.912764298757736,44.92985153198242,3938100,0.0,0.0
2018-02-09 00:00:00-05:00,45.33993821678307,47.603946246718074,45.32285098247881,47.34764099121094,4565100,0.0,0.0
2018-02-12 00:00:00-05:00,47.34764442038418,47.364731655925986,46.5531091515603,47.04862594604492,1789100,0.0,0.0
2018-02-13 00:00:00-05:00,46.86066585689482,47.37327310487779,46.40786555804138,47.2024040222168,1201100,0.0,0.0
2018-02-14 00:00:00-05:00,46.894842291118536,47.21949323587845,46.44204197328324,46.715431213378906,1410100,0.0,0.0
2018-02-15 00:00:00-05:00,46.87776090226185,48.073841421133814,46.79232797622409,48.0652961730957,2539100,0.0,0.0
2018-02-16 00:00:00-05:00,48.184899383066195,48.569350749858934,47.561226734990015,48.11655044555664,2605600,0.0,0.0
2018-02-20 00:00:00-05:00,47.86024361889123,48.07382913847265,46.817945240435854,47.05716323852539,2336500,0.0,0.0
2018-02-21 00:00:00-05:00,47.014456301003776,47.37328176610133,46.45913575464755,46.47622299194336,1740300,0.0,0.0
2018-02-22 00:00:00-05:00,46.71543310587587,47.26221160821785,46.33097845296137,46.63854217529297,1655200,0.0,0.0
2018-02-23 00:00:00-05:00,46.73251872982129,48.17635586646643,46.6727150368811,48.142181396484375,1993800,0.0,0.0
2018-02-26 00:00:00-05:00,48.167814135104585,48.23615981637596,47.31347193534281,47.62957763671875,1448200,0.0,0.0
2018-02-27 00:00:00-05:00,47.78336463541305,48.09947037080543,46.8179569332579,46.89484786987305,1838900,0.0,0.0
2018-02-28 00:00:00-05:00,47.091349499447716,47.19387292814319,46.37370179386651,46.39078903198242,1849300,0.0,0.0
2018-03-01 00:00:00-05:00,46.37370440110448,46.85213731807638,45.861100265037,46.10031509399414,1844600,0.0,0.0
2018-03-02 00:00:00-05:00,46.1771824451893,46.66415710334161,45.68166580139219,46.16009521484375,1444500,0.0,0.0
2018-03-05 00:00:00-05:00,46.08321509827849,47.26220819573694,45.86108756988673,47.091339111328125,1915100,0.0,0.0
2018-03-06 00:00:00-05:00,47.00591655388324,47.00591655388324,46.02342154638502,46.08322525024414,1719600,0.0,0.0
2018-03-07 00:00:00-05:00,45.93797384569301,46.13447213220638,45.34847898615289,45.77565002441406,1800600,0.0,0.0
2018-03-08 00:00:00-05:00,45.997782455494594,46.20282600979961,45.77565492579949,46.014869689941406,1030300,0.0,0.0
2018-03-09 00:00:00-05:00,45.9806985417686,46.18574211088183,45.64750559363443,46.125938415527344,2056400,0.0,0.0
2018-03-12 00:00:00-04:00,46.26264033307314,46.64709178978381,46.21992060760975,46.48476791381836,1559000,0.0,0.0
2018-03-13 00:00:00-04:00,46.64673966404389,47.086154831111614,46.42272647316146,46.603660583496094,1603000,0.458,0.0
2018-03-14 00:00:00-04:00,46.715666434306556,47.27570102624658,46.68981635792074,47.06892013549805,2063000,0.0,0.0
2018-03-15 00:00:00-04:00,47.09476492267269,47.75819321850075,46.982756694358116,47.18954086303711,1513900,0.0,0.0
2018-03-16 00:00:00-04:00,47.284317460813384,47.93912797840901,47.27569967335706,47.80989074707031,2834400,0.0,0.0
2018-03-19 00:00:00-04:00,47.80126970626604,48.06836522494418,47.32739331683029,47.56002426147461,1135100,0.0,0.0
2018-03-20 00:00:00-04:00,47.62895112296171,47.852967572162946,47.37909117277645,47.49971389770508,975800,0.0,0.0
2018-03-21 00:00:00-04:00,47.62034094750033,48.15452875786593,47.18954358407448,47.301551818847656,1126700,0.0,0.0
2018-03-22 00:00:00-04:00,47.28431770186696,48.214838261796395,47.146462682369155,47.31877899169922,1237700,0.0,0.0
2018-03-23 00:00:00-04:00,47.45664226089096,47.827124994073664,46.448574654928144,46.534732818603516,1240700,0.0,0.0
2018-03-26 00:00:00-04:00,46.784592193780384,47.34463007114419,46.61227259407437,47.25846862792969,1328900,0.0,0.0
2018-03-27 00:00:00-04:00,47.44802304808414,48.82657334584512,47.18954527809435,48.14591598510742,1787500,0.0,0.0
2018-03-28 00:00:00-04:00,48.30961718510872,48.68871769044093,48.06837170778124,48.197608947753906,1322800,0.0,0.0
2018-03-29 00:00:00-04:00,48.22345805321616,48.929965468341585,48.22345805321616,48.792110443115234,2023800,0.0,0.0
2018-04-02 00:00:00-04:00,49.179828106804905,49.67955133441046,48.43885612306144,48.84380340576172,2217700,0.0,0.0
2018-04-03 00:00:00-04:00,48.77486989953088,49.5072239808427,48.499159895738956,49.23151397705078,2083100,0.0,0.0
2018-04-04 00:00:00-04:00,49.041965796203534,49.179824095164555,48.378540809428735,48.94719314575195,2216600,0.0,0.0
2018-04-05 00:00:00-04:00,49.01612899744448,49.67094290406204,48.680107542056476,49.49000549316406,3252900,0.0,0.0
2018-04-06 00:00:00-04:00,49.56754394120982,49.90356536122766,48.99027704768647,49.22290802001953,2826100,0.0,0.0
2018-04-09 00:00:00-04:00,49.21428628919017,49.58477225766149,48.85241810792394,49.07643127441406,1366900,0.0,0.0
2018-04-10 00:00:00-04:00,49.11950897003565,49.214284906291596,48.40438712808006,48.4216194152832,1294000,0.0,0.0
2018-04-11 00:00:00-04:00,48.37854915862931,48.611176861466205,48.01667763485011,48.2579231262207,1246200,0.0,0.0
2018-04-12 00:00:00-04:00,48.2923811518519,48.40438938052316,47.39632189592754,47.672035217285156,1128400,0.0,0.0
2018-04-13 00:00:00-04:00,47.887440208657296,48.10283890706963,47.61172685090407,47.827125549316406,1585500,0.0,0.0
2018-04-16 00:00:00-04:00,47.98220482112407,48.67148316972431,47.96497253373679,48.55947494506836,1651500,0.0,0.0
2018-04-17 00:00:00-04:00,48.61116657535692,49.24013353629527,48.4560825685225,49.016117095947266,1242900,0.0,0.0
2018-04-18 00:00:00-04:00,49.16259360447719,49.53307957966774,48.70594618928717,48.73179626464844,1277900,0.0,0.0
2018-04-19 00:00:00-04:00,48.59394772211672,49.03335962113201,48.52501856093289,48.98166275024414,885400,0.0,0.0
2018-04-20 00:00:00-04:00,48.878270208161496,48.878270208161496,48.27515322044849,48.481937408447266,1007700,0.0,0.0
2018-04-23 00:00:00-04:00,48.67148770688256,49.24875459791694,48.50778260480417,48.792110443115234,1487500,0.0,0.0
2018-04-24 00:00:00-04:00,48.71456223234824,49.593389168537875,48.68009765758251,49.2832145690918,1678500,0.0,0.0
2018-04-25 00:00:00-04:00,49.18844152655594,49.757093896764324,48.93857827488422,49.291831970214844,1208000,0.0,0.0
2018-04-26 00:00:00-04:00,49.309061214438415,49.938024911844664,49.06781576522033,49.86048126220703,895900,0.0,0.0
2018-04-27 00:00:00-04:00,49.74847610100926,50.59283845619994,49.73985831402007,50.489444732666016,1226500,0.0,0.0
2018-04-30 00:00:00-04:00,50.63592387686233,50.79101119487661,50.35159603159509,50.506683349609375,1504500,0.0,0.0
2018-05-01 00:00:00-04:00,50.54114522202984,50.696232531739405,50.213738314118196,50.25682067871094,1177900,0.0,0.0
2018-05-02 00:00:00-04:00,50.25682478823653,50.55838164470639,49.989729224846634,50.299903869628906,874300,0.0,0.0
2018-05-03 00:00:00-04:00,50.21373325296825,50.77377106899683,49.670931010417924,50.610069274902344,918400,0.0,0.0
2018-05-04 00:00:00-04:00,50.67039639232356,50.98918557963094,50.558388136941744,50.74794006347656,808600,0.0,0.0
2018-05-07 00:00:00-04:00,50.730705594036046,50.81686376418658,50.35160175723729,50.43776321411133,1053500,0.0,0.0
2018-05-08 00:00:00-04:00,50.187884967874034,50.24819632635685,48.89549308028929,49.033348083496094,1751800,0.0,0.0
2018-05-09 00:00:00-04:00,49.76570753383723,49.77432532124761,48.31823148756702,48.4388542175293,1818300,0.0,0.0
2018-05-10 00:00:00-04:00,48.83519011522023,48.86965469362607,48.30961679806203,48.5422477722168,1540800,0.0,0.0
2018-05-11 00:00:00-04:00,48.619789436347865,49.13674494434246,48.52501349298016,48.9988899230957,1674100,0.0,0.0
2018-05-14 00:00:00-04:00,49.093666063537974,49.162595217799534,48.318232798433286,48.75764465332031,1447100,0.0,0.0
2018-05-15 00:00:00-04:00,48.52501356652342,48.82657039885681,48.318232677701374,48.61117172241211,1768800,0.0,0.0
2018-05-16 00:00:00-04:00,48.602559530459146,48.74903234649592,48.09421849843115,48.197608947753906,1593700,0.0,0.0
2018-05-17 00:00:00-04:00,48.25791207020117,48.47331072006887,48.00805213426379,48.11144256591797,1604700,0.0,0.0
2018-05-18 00:00:00-04:00,48.20623152749506,48.688722530109736,48.07699098795273,48.473323822021484,1662400,0.0,0.0
2018-05-21 00:00:00-04:00,48.50778319381096,48.66287050991413,48.076985823907265,48.5422477722168,980100,0.0,0.0
2018-05-22 00:00:00-04:00,49.50723907322484,49.50723907322484,48.257925888905625,48.8524284362793,1205800,0.0,0.0
2018-05-23 00:00:00-04:00,49.17121620311178,49.912188275523405,49.12813711937879,49.877723693847656,2572300,0.0,0.0
2018-05-24 00:00:00-04:00,50.23097378950478,51.032257178267166,50.067271968524416,50.64453887939453,2021300,0.0,0.0
2018-05-25 00:00:00-04:00,50.67038665103133,50.808241674720534,50.3688265270891,50.72208023071289,1347100,0.0,0.0
2018-05-29 00:00:00-04:00,50.7823909126598,51.10118332110027,50.46360179094231,50.687618255615234,2019100,0.0,0.0
2018-05-30 00:00:00-04:00,50.45499066341694,51.273503061466435,50.45499066341694,51.17011260986328,1344200,0.0,0.0
2018-05-31 00:00:00-04:00,51.03224823401979,51.51474239768765,50.78238500890308,50.99778366088867,1628600,0.0,0.0
2018-06-01 00:00:00-04:00,50.89439849193869,50.92024528109892,50.024189294074006,50.06726837158203,2214700,0.0,0.0
2018-06-04 00:00:00-04:00,50.31712887789034,50.48083067818057,49.765705541008145,49.955257415771484,1280400,0.0,0.0
2018-06-05 00:00:00-04:00,49.981104958247585,50.12757776006451,49.33490896094877,49.464149475097656,1607200,0.0,0.0
2018-06-06 00:00:00-04:00,49.731252813275766,49.791564186223326,48.65425931532176,48.74041748046875,2065300,0.0,0.0
2018-06-07 00:00:00-04:00,48.76626486911309,49.42107876444301,48.413011128932574,49.02474594116211,1871900,0.0,0.0
2018-06-08 00:00:00-04:00,49.22290718538285,49.38660899866824,48.69733388125211,48.84380340576172,1396100,0.0,0.0
2018-06-11 00:00:00-04:00,48.99027179156413,49.12812680259452,47.97358985269398,48.03390121459961,1952500,0.0,0.0
2018-06-12 00:00:00-04:00,48.15379373512458,48.770592387074636,47.96267171916052,48.70109558105469,2307800,0.458,0.0
2018-06-13 00:00:00-04:00,48.77058673818849,48.93564784702028,48.33622098054314,48.440467834472656,1874500,0.0,0.0
2018-06-14 00:00:00-04:00,48.49260380076815,49.05728073800689,48.48391794180303,48.97040557861328,1619600,0.0,0.0
2018-06-15 00:00:00-04:00,48.90089668672372,49.53507028089055,48.666338785218564,49.491634368896484,3256700,0.0,0.0
2018-06-18 00:00:00-04:00,49.50031824603065,50.186616895511555,49.49163238955828,50.07368087768555,2136300,0.0,0.0
2018-06-19 00:00:00-04:00,50.125806658331264,50.7426052088562,50.09974246065512,50.629669189453125,1619300,0.0,0.0
2018-06-20 00:00:00-04:00,50.62098114840165,50.7252279927649,50.32561232774958,50.655731201171875,1356600,0.0,0.0
2018-06-21 00:00:00-04:00,50.655739368258075,50.95110823653166,50.54280333552018,50.82948303222656,737800,0.0,0.0
2018-06-22 00:00:00-04:00,50.79474000268455,51.09879475081447,50.62099301206107,50.9771728515625,1528900,0.0,0.0
2018-06-25 00:00:00-04:00,51.02929012487314,51.92408251566521,51.02929012487314,51.8198356628418,1625400,0.0,0.0
2018-06-26 00:00:00-04:00,51.68083936843892,52.21945198069807,51.68083936843892,52.0717658996582,1554400,0.0,0.0
2018-06-27 00:00:00-04:00,51.97621685678655,52.671201522642605,51.8632808129761,52.54957962036133,1306400,0.0,0.0
2018-06-28 00:00:00-04:00,52.75806906079033,53.07949882117126,52.48007521711796,52.85363006591797,2457900,0.0,0.0
2018-06-29 00:00:00-04:00,52.64512563519736,53.20980241497613,52.32369591994282,52.862308502197266,2667300,0.0,0.0
2018-07-02 00:00:00-04:00,52.89705574857804,53.2358604728831,52.549565168190945,53.183738708496094,1203500,0.0,0.0
2018-07-03 00:00:00-04:00,53.14899648885832,53.60942314984946,52.949188630051836,53.19243240356445,677000,0.0,0.0
2018-07-05 00:00:00-04:00,53.20980965373147,53.470428466796875,53.06212687477534,53.470428466796875,1046500,0.0,0.0
2018-07-06 00:00:00-04:00,53.479119051487245,53.991670833435926,53.46174402163074,53.887420654296875,1171600,0.0,0.0
2018-07-09 00:00:00-04:00,53.87873861772095,53.87873861772095,51.91540318601007,52.09783935546875,1782100,0.0,0.0
2018-07-10 00:00:00-04:00,51.602658435620064,52.82756986072473,51.385475535325284,52.55826187133789,2111000,0.0,0.0
2018-07-11 00:00:00-04:00,52.610386633432064,53.40961811085421,52.462700538896556,53.32274627685547,1423900,0.0,0.0
2018-07-12 00:00:00-04:00,53.35749994851677,53.42700007589613,52.81020135817244,53.314064025878906,1381100,0.0,0.0
2018-07-13 00:00:00-04:00,53.31405349941776,53.39223947030807,52.97524873020903,53.33142852783203,978600,0.0,0.0
2018-07-16 00:00:00-04:00,53.357487367112284,53.50517344599562,53.07080769414111,53.28799057006836,870200,0.0,0.0
2018-07-17 00:00:00-04:00,53.47911341640817,53.49648844443387,53.02737262958302,53.22718048095703,757800,0.0,0.0
2018-07-18 00:00:00-04:00,53.20113001887019,53.22719090904063,52.75807500228224,53.053443908691406,1000500,0.0,0.0
2018-07-19 00:00:00-04:00,53.32274489513872,53.84398251352076,53.14030874615184,53.60942459106445,676400,0.0,0.0
2018-07-20 00:00:00-04:00,53.27930471316826,53.60942029853534,52.78412470722225,53.28799057006836,903100,0.0,0.0
2018-07-23 00:00:00-04:00,53.34879917755351,53.38354923152988,52.61906461378744,52.93180847167969,746600,0.0,0.0
2018-07-24 00:00:00-04:00,52.66249968119554,53.044743640921084,52.071762028844695,52.992618560791016,1331200,0.0,0.0
2018-07-25 00:00:00-04:00,52.914440456641216,53.44436725118764,52.72331844839221,53.30537033081055,1402000,0.0,0.0
2018-07-26 00:00:00-04:00,53.696307420829136,54.121984096835284,53.652868184791075,53.991676330566406,1325400,0.0,0.0
2018-07-27 00:00:00-04:00,53.99166312020261,54.2175318481735,53.64416920061151,53.809226989746094,1251900,0.0,0.0
2018-07-30 00:00:00-04:00,53.7397422288863,53.7397422288863,53.22719040537773,53.35749816894531,787800,0.0,0.0
2018-07-31 00:00:00-04:00,53.60073876919874,53.95691858191842,53.331430788284656,53.913482666015625,1922500,0.0,0.0
2018-08-01 00:00:00-04:00,53.47911730976892,53.75711115052311,52.80150442322608,53.30537033081055,1492000,0.0,0.0
2018-08-02 00:00:00-04:00,53.3053688090819,53.81792055970568,52.90575308864922,53.66154861450195,1631700,0.0,0.0
2018-08-03 00:00:00-04:00,53.86135515026578,54.52158965848684,53.05343455789597,54.25228500366211,1512400,0.0,0.0
2018-08-06 00:00:00-04:00,54.4520940516769,54.60846599646059,54.11328927596155,54.35653305053711,1200500,0.0,0.0
2018-08-07 00:00:00-04:00,54.234912078201404,54.512905914962666,53.82660718060607,54.37390899658203,1162400,0.0,0.0
2018-08-08 00:00:00-04:00,54.234912285763464,54.60846712670629,54.14804045417358,54.38259506225586,899200,0.0,0.0
2018-08-09 00:00:00-04:00,54.43471900300244,54.64321603395366,54.18278605717119,54.58240509033203,941200,0.0,0.0
2018-08-10 00:00:00-04:00,54.72140328163292,55.08626895186611,54.46947032993021,54.53896713256836,935500,0.0,0.0
2018-08-13 00:00:00-04:00,54.59109015789697,54.7908980146126,54.38259312996232,54.72140121459961,1056800,0.0,0.0
2018-08-14 00:00:00-04:00,54.634526551278206,55.10364238278431,54.521590522075364,54.816959381103516,1007300,0.0,0.0
2018-08-15 00:00:00-04:00,54.982019753691056,55.65962929186116,54.7127117842899,55.260013580322266,1080500,0.0,0.0
2018-08-16 00:00:00-04:00,55.207885920839644,56.00712062059815,54.99070304678917,55.989742279052734,2197100,0.0,0.0
2018-08-17 00:00:00-04:00,55.902876770931684,56.432803573717706,55.76388316234142,56.25905990600586,1795900,0.0,0.0
2018-08-20 00:00:00-04:00,56.4501695683873,56.54572392519843,55.920242881526164,56.09398651123047,1106900,0.0,0.0
2018-08-21 00:00:00-04:00,56.00712588073414,56.00712588073414,55.51194914650836,55.781253814697266,1162500,0.0,0.0
2018-08-22 00:00:00-04:00,55.781256819567645,55.86812865644737,54.964650285474505,55.216583251953125,957600,0.0,0.0
2018-08-23 00:00:00-04:00,55.28607630094584,55.659631139245306,55.094954296062966,55.29476547241211,1175200,0.0,0.0
2018-08-24 00:00:00-04:00,55.286068046684875,55.616183606262275,54.973324199550554,55.590126037597656,862700,0.0,0.0
2018-08-27 00:00:00-04:00,55.659630235366805,55.781252122336134,54.76483779785139,55.051517486572266,714000,0.0,0.0
2018-08-28 00:00:00-04:00,54.92989710029037,55.016772246176096,54.565031429414226,54.92121124267578,1504000,0.0,0.0
2018-08-29 00:00:00-04:00,54.96464571978845,55.155767721785914,54.78221288912607,55.129703521728516,1282700,0.0,0.0
2018-08-30 00:00:00-04:00,55.233957573470065,55.48588722276829,55.04283555804897,55.20789337158203,1563000,0.0,0.0
2018-08-31 00:00:00-04:00,55.294770134591936,55.56407482169013,54.74746827424845,54.929901123046875,1020900,0.0,0.0
2018-09-04 00:00:00-04:00,55.12102256184466,55.53801334638596,55.07758664315356,55.38164138793945,1054000,0.0,0.0
2018-09-05 00:00:00-04:00,55.45982869377034,56.467557275670536,55.425078632406965,56.42411804199219,1369000,0.0,0.0
2018-09-06 00:00:00-04:00,56.53705630270643,57.223355088565505,56.2416841007903,57.00617218017578,2303600,0.0,0.0
2018-09-07 00:00:00-04:00,56.56311962165417,57.0496072364237,56.40674765577872,56.76292419433594,2299000,0.0,0.0
2018-09-10 00:00:00-04:00,57.06697209480241,57.431837719650716,56.849789228407694,57.24940490722656,1689200,0.0,0.0
2018-09-11 00:00:00-04:00,57.405129065286886,57.72006171746344,57.06395313780923,57.16892623901367,2620900,0.458,0.0
2018-09-12 00:00:00-04:00,57.31764062740223,57.58883670292314,57.01145796886061,57.186424255371094,2322700,0.0,0.0
2018-09-13 00:00:00-04:00,57.16891976993497,57.50135235088284,56.88898040793095,57.48385238647461,1701500,0.0,0.0
2018-09-14 00:00:00-04:00,57.14267997731866,57.25640305577394,56.49532141469098,57.22141647338867,1918500,0.0,0.0
2018-09-17 00:00:00-04:00,57.30889951305365,57.33514278846469,56.81025725739898,57.072696685791016,1523600,0.0,0.0
2018-09-18 00:00:00-04:00,56.976454874407146,57.16891441919928,56.3903329329258,56.915218353271484,1869700,0.0,0.0
2018-09-19 00:00:00-04:00,56.88024829494462,56.88024829494462,55.30559139184087,55.909210205078125,5685300,0.0,0.0
2018-09-20 00:00:00-04:00,55.7604738864673,56.171632929363135,55.23558510271348,56.101646423339844,1710500,0.0,0.0
2018-09-21 00:00:00-04:00,55.856708248241446,56.50406683506505,55.629258745689015,56.355350494384766,2761200,0.0,0.0
2018-09-24 00:00:00-04:00,56.224125518942344,56.43408505959447,55.74298325541412,55.77797317504883,1403100,0.0,0.0
2018-09-25 00:00:00-04:00,55.70799448378857,55.73423775991265,54.894419552532746,55.130619049072266,1719600,0.0,0.0
2018-09-26 00:00:00-04:00,54.990644072272524,55.21809356352287,54.2907956332631,54.36077880859375,2079600,0.0,0.0
2018-09-27 00:00:00-04:00,54.544486540356814,55.02563545435736,54.36077695708777,54.73694610595703,1307400,0.0,0.0
2018-09-28 00:00:00-04:00,54.666964419679296,55.31432296989146,54.666964419679296,55.30557632446289,1736000,0.0,0.0
2018-10-01 00:00:00-04:00,55.17436168890697,55.480544382662515,54.850682364488094,55.3668212890625,1545200,0.0,0.0
2018-10-02 00:00:00-04:00,55.54178191001223,56.39909675341793,55.52428528008873,56.29411697387695,1393500,0.0,0.0
2018-10-03 00:00:00-04:00,56.24162082183972,56.56530341446634,55.18309992069523,55.716732025146484,1367200,0.0,0.0
2018-10-04 00:00:00-04:00,55.46304216071248,56.05791415893897,54.99938986562563,55.900447845458984,1343500,0.0,0.0
2018-10-05 00:00:00-04:00,55.935444650025765,57.116442146514046,55.935444650025765,56.950225830078125,1464100,0.0,0.0
2018-10-08 00:00:00-04:00,57.08145146932373,58.05249278688239,56.923985129333616,57.43137741088867,1524800,0.0,0.0
2018-10-09 00:00:00-04:00,57.52760285734202,58.29743453108963,57.37887983829346,58.0262451171875,1625900,0.0,0.0
2018-10-10 00:00:00-04:00,57.98249506303796,58.66484684642217,57.65006915362232,57.685062408447266,1456700,0.0,0.0
2018-10-11 00:00:00-04:00,57.912519544465106,58.08748585179628,55.87421045260272,56.02293014526367,2287000,0.0,0.0
2018-10-12 00:00:00-04:00,55.909187536288606,56.04915720451109,55.191842569505866,55.812957763671875,2406300,0.0,0.0
2018-10-15 00:00:00-04:00,55.8304557800293,56.26786142126246,55.61175295941272,55.8304557800293,1897700,0.0,0.0
2018-10-16 00:00:00-04:00,55.786722425970474,56.93272654177457,55.56801957970455,56.67028045654297,1026500,0.0,0.0
2018-10-17 00:00:00-04:00,56.731519894616575,57.02895925141137,56.355350712785274,56.65279006958008,1208000,0.0,0.0
2018-10-18 00:00:00-04:00,56.74902423486291,57.046456940301425,56.53032136052916,56.81026077270508,990700,0.0,0.0
2018-10-19 00:00:00-04:00,56.81025458612814,58.03498520959962,56.81025458612814,57.78129577636719,1230100,0.0,0.0
2018-10-22 00:00:00-04:00,57.61508702849677,57.82503992372285,57.133938024559704,57.43137741088867,1561600,0.0,0.0
2018-10-23 00:00:00-04:00,57.76379605475322,58.09622866048385,57.19516730614995,57.29139709472656,1910400,0.0,0.0
2018-10-24 00:00:00-04:00,57.51885657835082,58.81358054523966,57.21267388579397,58.42866134643555,1532100,0.0,0.0
2018-10-25 00:00:00-04:00,58.13120612877152,58.13120612877152,57.11642852782104,57.46635437011719,1874400,0.0,0.0
2018-10-26 00:00:00-04:00,57.71131385089979,57.95625999506933,55.84796448194188,56.337860107421875,2467100,0.0,0.0
2018-10-29 00:00:00-04:00,56.40784205099997,57.230160229105564,56.40784205099997,57.03770065307617,1052700,0.0,0.0
2018-10-30 00:00:00-04:00,57.33515004712972,57.5713462300133,56.47783178756945,56.86275100708008,1481200,0.0,0.0
2018-10-31 00:00:00-04:00,56.294117418709924,57.41387504553445,55.576772271882845,56.49532699584961,2464200,0.0,0.0
2018-11-01 00:00:00-04:00,56.81025921376774,56.81025921376774,55.70799488857404,56.29411697387695,1701900,0.0,0.0
2018-11-02 00:00:00-04:00,56.53905605849836,56.68777906284752,55.39305530730831,55.646751403808594,1429900,0.0,0.0
2018-11-05 00:00:00-05:00,55.96168847454594,56.766513391619846,55.83921540778606,56.55656051635742,1169800,0.0,0.0
2018-11-06 00:00:00-05:00,56.5565652962557,56.96772777267692,56.44283552873707,56.92398452758789,1130700,0.0,0.0
2018-11-07 00:00:00-05:00,57.20391612381897,57.82503140834659,56.74901713877101,57.772544860839844,1453400,0.0,0.0
2018-11-08 00:00:00-05:00,57.72005301911084,58.02623564195174,57.13392437049471,57.99999237060547,1463600,0.0,0.0
2018-11-09 00:00:00-05:00,58.02623452819538,59.049762136738195,57.93000475225233,58.892295837402344,1380400,0.0,0.0
2018-11-12 00:00:00-05:00,58.83980810180973,60.31823461494627,58.7523283093494,59.82834243774414,1889300,0.0,0.0
2018-11-13 00:00:00-05:00,59.88083568744165,60.370734593812635,59.443430001852505,60.2132682800293,1186200,0.0,0.0
2018-11-14 00:00:00-05:00,59.915818679046325,60.53693384526618,59.67962258597453,60.134521484375,1426800,0.0,0.0
2018-11-15 00:00:00-05:00,59.78460474067903,60.77314584243683,59.02352313408641,60.70315933227539,1853000,0.0,0.0
2018-11-16 00:00:00-05:00,61.23679690948984,61.551729541824,60.51070185859269,60.62443161010742,1651900,0.0,0.0
2018-11-19 00:00:00-05:00,60.6681700915397,61.04433926569697,60.55444701071314,61.00934600830078,2242700,0.0,0.0
2018-11-20 00:00:00-05:00,61.22804176702588,61.831663707178,60.25700067820751,60.36198043823242,1576100,0.0,0.0
2018-11-21 00:00:00-05:00,60.20452208059084,60.31824516324884,58.909798233206715,59.067264556884766,1420400,0.0,0.0
2018-11-23 00:00:00-05:00,59.172252404303336,59.434698537669085,58.787333188508896,59.26848220825195,586800,0.0,0.0
2018-11-26 00:00:00-05:00,59.37345897352105,59.57466188114601,58.66485711922419,59.329715728759766,1085300,0.0,0.0
2018-11-27 00:00:00-05:00,59.29471868794765,60.11704358220823,58.83981967312623,60.08205032348633,1386500,0.0,0.0
2018-11-28 00:00:00-05:00,60.11703232723118,60.35322843653185,59.52216038889274,59.583396911621094,911800,0.0,0.0
2018-11-29 00:00:00-05:00,59.11976283732614,59.42594552780894,58.88355999446649,59.329715728759766,1278800,0.0,0.0
2018-11-30 00:00:00-05:00,59.504671696113945,60.09080043813541,59.137252490153024,60.029563903808594,2389800,0.0,0.0
2018-12-03 00:00:00-05:00,59.76710127807951,61.061824798583984,59.40843215453829,61.061824798583984,1561600,0.0,0.0
2018-12-04 00:00:00-05:00,61.236807732397786,62.06787602476738,61.044348125925076,61.27180099487305,1292000,0.0,0.0
2018-12-06 00:00:00-05:00,61.53422966163489,61.612966156967914,60.08204623211353,61.37677001953125,1923800,0.0,0.0
2018-12-07 00:00:00-05:00,61.35927140381757,61.82292038051501,60.799392638641656,61.604217529296875,1106900,0.0,0.0
2018-12-10 00:00:00-05:00,61.71793619784258,62.059112050519175,60.62442213816628,61.85790252685547,909300,0.0,0.0
2018-12-11 00:00:00-05:00,62.01204274350044,62.144146527569106,61.554060560664624,61.90635299682617,1042300,0.475,0.0
2018-12-12 00:00:00-05:00,61.97682408013703,62.21461765405254,61.298659841503635,61.510032653808594,1024900,0.0,0.0
2018-12-13 00:00:00-05:00,61.527624762158275,62.28505096294044,61.527624762158275,62.038448333740234,1089900,0.0,0.0
2018-12-14 00:00:00-05:00,62.197002364128686,62.408375163897965,61.22819636639416,61.48360824584961,1432800,0.0,0.0
2018-12-17 00:00:00-05:00,61.6949790157879,61.73020221123749,59.08801907085118,59.28178024291992,2086800,0.0,0.0
2018-12-18 00:00:00-05:00,59.475540063330456,60.10966507771894,59.079215289047184,59.34342956542969,1873300,0.0,0.0
2018-12-19 00:00:00-05:00,59.60765727952753,60.10086269323193,58.9471114349935,59.1937141418457,1267200,0.0,0.0
2018-12-20 00:00:00-05:00,59.237753302032424,60.144901854686374,58.224914995114204,59.03518295288086,2116800,0.0,0.0
2018-12-21 00:00:00-05:00,58.63884345032544,60.37387784505085,58.63884345032544,58.95590591430664,3520500,0.0,0.0
2018-12-24 00:00:00-05:00,59.070417246329214,59.39628897321659,55.512275888917394,55.69723129272461,664300,0.0,0.0
2018-12-26 00:00:00-05:00,55.811714811153706,56.71886664955819,55.054288432561655,56.674827575683594,1004800,0.0,0.0
2018-12-27 00:00:00-05:00,56.72767328545194,57.52032282459023,55.77648577518324,57.51152038574219,1396000,0.0,0.0
2018-12-28 00:00:00-05:00,57.626028065900265,58.092812788324274,56.965482125997426,57.19447326660156,847600,0.0,0.0
2018-12-31 00:00:00-05:00,57.30013844210444,57.493899599140576,56.639592708255094,57.449867248535156,935100,0.0,0.0
2019-01-02 00:00:00-05:00,57.30894663157301,57.35298570085292,55.60033623838388,55.9526252746582,1325200,0.0,0.0
2019-01-03 00:00:00-05:00,55.91740116038669,56.55152279720691,55.77648486779226,56.093544006347656,1362900,0.0,0.0
2019-01-04 00:00:00-05:00,55.88217425219408,57.062349526023574,55.73244879342495,56.886199951171875,1691100,0.0,0.0
2019-01-07 00:00:00-05:00,56.56914740446621,56.98308381044991,56.08474444507519,56.234466552734375,2235500,0.0,0.0
2019-01-08 00:00:00-05:00,56.384178238633616,57.19445274088616,56.0935398764289,57.123992919921875,1268800,0.0,0.0
2019-01-09 00:00:00-05:00,56.93023925747906,57.273722530570055,56.45464548256401,56.70124816894531,1501000,0.0,0.0
2019-01-10 00:00:00-05:00,56.83336287009568,58.00473243637675,56.604371764642146,57.960693359375,1080100,0.0,0.0
2019-01-11 00:00:00-05:00,57.87262530097926,58.03115658024633,57.317769183254555,57.731712341308594,873700,0.0,0.0
2019-01-14 00:00:00-05:00,57.13281581640079,57.37941852965917,56.51630231383488,57.21207809448242,1499500,0.0,0.0
2019-01-15 00:00:00-05:00,57.044722184239944,58.709303486007094,56.95665077045678,58.16324996948242,1794900,0.0,0.0
2019-01-16 00:00:00-05:00,57.88143185611596,58.76215965254032,57.661249907009875,58.71812057495117,1405800,0.0,0.0
2019-01-17 00:00:00-05:00,58.77096088986347,59.13205574362507,58.603620480885276,59.06159591674805,1255100,0.0,0.0
2019-01-18 00:00:00-05:00,59.03519411383531,59.34344755610849,58.85905120951381,59.22014617919922,1138900,0.0,0.0
2019-01-22 00:00:00-05:00,59.31701811265202,59.801421107785984,58.77977359783803,59.519588470458984,1495800,0.0,0.0
2019-01-23 00:00:00-05:00,59.58122954871412,59.99517263795671,59.43150745413416,59.97755432128906,1205200,0.0,0.0
2019-01-24 00:00:00-05:00,60.092050518467175,60.61167660666714,59.44030721945942,60.550025939941406,1101900,0.0,0.0
2019-01-25 00:00:00-05:00,60.26818639208319,60.796621577119424,59.704521298788805,59.836631774902344,1220500,0.0,0.0
2019-01-28 00:00:00-05:00,59.9070902488072,60.15369962874798,59.2553536860815,59.59003448486328,943700,0.0,0.0
2019-01-29 00:00:00-05:00,59.783805351027254,60.10967708167014,59.25536997331423,59.42271041870117,1544100,0.0,0.0
2019-01-30 00:00:00-05:00,59.17608611375256,60.15369422980768,58.98232497804175,59.836631774902344,1117500,0.0,0.0
2019-01-31 00:00:00-05:00,59.704539907914686,61.316273436136775,59.45793719266279,61.069664001464844,2230300,0.0,0.0
2019-02-01 00:00:00-05:00,61.069662037617796,61.069662037617796,60.07444204894926,60.63810729980469,1157300,0.0,0.0
2019-02-04 00:00:00-05:00,60.33864523261132,60.770199842811685,59.80140089934608,60.761390686035156,1645600,0.0,0.0
2019-02-05 00:00:00-05:00,60.58525918115391,60.752599594069224,60.215355160474964,60.62929153442383,1277600,0.0,0.0
2019-02-06 00:00:00-05:00,60.57644781880243,60.82305049028301,60.31223355053846,60.6733283996582,861400,0.0,0.0
2019-02-07 00:00:00-05:00,60.646908678419365,61.41314418022392,60.52360734057757,61.404335021972656,1280700,0.0,0.0
2019-02-08 00:00:00-05:00,61.29865617718098,62.07370097500265,61.19297313705631,62.06489181518555,921600,0.0,0.0
2019-02-11 00:00:00-05:00,62.082489386432044,62.49643245183408,61.95037889670947,62.320289611816406,1455300,0.0,0.0
2019-02-12 00:00:00-05:00,62.232230039963035,62.60213410607595,61.67736722137374,61.81828689575195,2108200,0.0,0.0
2019-02-13 00:00:00-05:00,61.47480816324738,61.774252414453706,61.47480816324738,61.703792572021484,1663900,0.0,0.0
2019-02-14 00:00:00-05:00,60.506004297278,61.56288181338534,60.11848858885055,60.79664611816406,2081000,0.0,0.0
2019-02-15 00:00:00-05:00,61.245812566569,61.624525792735824,61.02563061459806,61.36911392211914,1979100,0.0,0.0
2019-02-19 00:00:00-05:00,61.404348153905666,61.99443421397562,61.298658390544624,61.7302131652832,1241400,0.0,0.0
2019-02-20 00:00:00-05:00,61.650942419855326,62.08249713535686,61.23699930278632,62.00323486328125,1286600,0.0,0.0
2019-02-21 00:00:00-05:00,61.73901032373259,62.80469003263505,61.483598484825855,62.70780944824219,1395000,0.0,0.0
2019-02-22 00:00:00-05:00,62.86636821420236,63.570953369140625,62.67261368004527,63.570953369140625,1941400,0.0,0.0
2019-02-25 00:00:00-05:00,63.729459622286655,63.729459622286655,62.161765324662625,62.42597961425781,1845600,0.0,0.0
2019-02-26 00:00:00-05:00,62.54047554546758,62.54047554546758,61.65974784987498,61.84469985961914,1629400,0.0,0.0
2019-02-27 00:00:00-05:00,61.650939481630196,62.311485261790516,61.47479662802177,62.020843505859375,1177900,0.0,0.0
2019-02-28 00:00:00-05:00,62.047247412874896,62.86632422662812,61.85349301428777,62.74302291870117,1530500,0.0,0.0
2019-03-01 00:00:00-05:00,63.042490832497194,63.068911588580335,62.01204102873967,62.47001647949219,1058600,0.0,0.0
2019-03-04 00:00:00-05:00,62.82233064681837,62.84875141204494,62.02086493136452,62.7959098815918,1370100,0.0,0.0
2019-03-05 00:00:00-05:00,62.77829773629784,63.01609808558107,62.373163617639065,62.593345642089844,1271600,0.0,0.0
2019-03-06 00:00:00-05:00,62.73426536306096,62.91040829485273,62.35555201222874,62.593345642089844,1290900,0.0,0.0
2019-03-07 00:00:00-05:00,62.78708784366581,63.32433235783289,62.53167596648637,62.72543716430664,1493600,0.0,0.0
2019-03-08 00:00:00-05:00,62.725432536007496,63.209828775396105,62.55809211034291,63.14817810058594,1028200,0.0,0.0
2019-03-11 00:00:00-04:00,63.2714641237197,63.949628101776966,63.245043372261,63.914398193359375,1254000,0.0,0.0
2019-03-12 00:00:00-04:00,64.08728669549242,64.317786505079,63.732673164672434,64.15821075439453,1837600,0.475,0.0
2019-03-13 00:00:00-04:00,64.20252885454416,64.71671810109878,64.06068751007155,64.66352844238281,1452500,0.0,0.0
2019-03-14 00:00:00-04:00,64.6192144224788,64.93836597725073,64.25574039624458,64.37098693847656,1509700,0.0,0.0
2019-03-15 00:00:00-04:00,64.23798517655239,65.00040178099074,64.13159910487862,64.7521743774414,2026200,0.0,0.0
2019-03-18 00:00:00-04:00,64.77877295104648,64.81423497698876,64.0429511310465,64.28231811523438,1611400,0.0,0.0
2019-03-19 00:00:00-04:00,64.22027580533177,64.27346547444661,63.448991784709506,63.8302001953125,1791100,0.0,0.0
2019-03-20 00:00:00-04:00,64.03409576416016,64.6812591886677,63.794728761031855,64.03409576416016,1294900,0.0,0.0
2019-03-21 00:00:00-04:00,63.9631630368491,65.09792074822306,63.847909768116466,64.94721221923828,980700,0.0,0.0
2019-03-22 00:00:00-04:00,65.14226206302075,66.0021909394191,65.08020520052415,65.38162231445312,1346900,0.0,0.0
2019-03-25 00:00:00-04:00,65.5411982086602,66.01105827765593,65.22204669694787,65.86921691894531,1385400,0.0,0.0
2019-03-26 00:00:00-04:00,65.91355197831138,66.41001373788274,65.68305211721368,66.2681655883789,1034900,0.0,0.0
2019-03-27 00:00:00-04:00,66.20609213137121,66.39226270819613,65.57665634390874,65.9489974975586,1425000,0.0,0.0
2019-03-28 00:00:00-04:00,66.09970913375955,66.23269005590113,64.87629953017647,65.12452697753906,992400,0.0,0.0
2019-03-29 00:00:00-04:00,65.00927741068999,65.26637204448403,64.72558794645008,65.20431518554688,1425300,0.0,0.0
2019-04-01 00:00:00-04:00,65.23090020537522,65.39933636076336,63.936566796715525,64.5305404663086,1321000,0.0,0.0
2019-04-02 00:00:00-04:00,64.53053456225143,64.5837242102771,64.00747822314047,64.32662963867188,1328300,0.0,0.0
2019-04-03 00:00:00-04:00,64.29118091826487,64.53054791127411,63.69720718014436,64.04295349121094,1362400,0.0,0.0
2019-04-04 00:00:00-04:00,64.37984375929602,64.37984375929602,63.289408329003756,63.44011688232422,1955000,0.0,0.0
2019-04-05 00:00:00-04:00,63.59968773661911,64.202528667171,63.12982771615911,64.17593383789062,2557800,0.0,0.0
2019-04-08 00:00:00-04:00,64.14935168167226,64.16707931679801,63.42239689507131,63.53764343261719,1029400,0.0,0.0
2019-04-09 00:00:00-04:00,63.6174150162439,63.86564241334953,63.40464287841968,63.84790802001953,828200,0.0,0.0
2019-04-10 00:00:00-04:00,63.88339883510115,64.33553137714117,63.298292101601426,63.38694381713867,1402000,0.0,0.0
2019-04-11 00:00:00-04:00,63.38692215086066,63.71494082629003,63.13869472672602,63.68833923339844,856400,0.0,0.0
2019-04-12 00:00:00-04:00,63.5553710219529,63.84792093417736,62.99685250180756,63.81246566772461,1466600,0.0,0.0
2019-04-15 00:00:00-04:00,63.99864058011506,64.1759439791288,63.63515981933843,63.85679244995117,756500,0.0,0.0
2019-04-16 00:00:00-04:00,63.78586639564741,64.04296105078339,62.7043048734873,62.81068420410156,969200,0.0,0.0
2019-04-17 00:00:00-04:00,62.73976082771263,63.01458988341869,62.509267766399134,62.59791946411133,1103800,0.0,0.0
2019-04-18 00:00:00-04:00,62.65996556589705,64.79650019764354,62.438332977840496,62.482662200927734,1264200,0.0,0.0
2019-04-22 00:00:00-04:00,62.37629369161458,62.79296415670383,62.29650242032281,62.51813507080078,1252400,0.0,0.0
2019-04-23 00:00:00-04:00,62.95252736437607,63.147565140039546,62.5003949538553,63.07664108276367,1650100,0.0,0.0
2019-04-24 00:00:00-04:00,63.07664862480305,64.05183085603208,62.98799692445335,63.82133102416992,1934100,0.0,0.0
2019-04-25 00:00:00-04:00,63.564237755378585,64.37098380277857,63.47558605308079,64.06069946289062,1226200,0.0,0.0
2019-04-26 00:00:00-04:00,64.37098502577348,64.92949684818304,63.97204897600829,63.989776611328125,1211200,0.0,0.0
2019-04-29 00:00:00-04:00,63.80360153199982,63.92771526161418,63.1475708520823,63.2628173828125,897500,0.0,0.0
2019-04-30 00:00:00-04:00,63.27168765576248,64.57488188002925,63.20076358862527,64.51282501220703,1688000,0.0,0.0
2019-05-01 00:00:00-04:00,64.31778251146932,64.5216807135393,63.794726064157,64.04295349121094,1004100,0.0,0.0
2019-05-02 00:00:00-04:00,64.17592864727813,64.57486458159742,63.6706066407519,64.13159942626953,1217700,0.0,0.0
2019-05-03 00:00:00-04:00,64.23800334912255,64.78765472939612,64.23800334912255,64.67240142822266,687800,0.0,0.0
2019-05-06 00:00:00-04:00,64.63694242682129,64.92949235334086,64.36211337070333,64.4950942993164,895700,0.0,0.0
2019-05-07 00:00:00-04:00,64.53941834210458,64.84083544328665,64.19367201371787,64.45075988769531,1029300,0.0,0.0
2019-05-08 00:00:00-04:00,64.39757534711015,64.44190457783999,63.15643128727548,63.2628173828125,1399200,0.0,0.0
2019-05-09 00:00:00-04:00,63.28941416551205,64.08729299739228,63.16530043207415,63.741546630859375,1602500,0.0,0.0
2019-05-10 00:00:00-04:00,63.502172160052005,64.97381591796875,63.42238766805648,64.97381591796875,1132400,0.0,0.0
2019-05-13 00:00:00-04:00,64.98267696376527,66.24154842979448,64.92948054378097,66.13516235351562,1557600,0.0,0.0
2019-05-14 00:00:00-04:00,66.06424199025462,66.13516604506604,65.35502173321075,65.47026824951172,1242800,0.0,0.0
2019-05-15 00:00:00-04:00,65.65645101792072,65.75396992048042,65.20432530280722,65.35503387451172,1075700,0.0,0.0
2019-05-16 00:00:00-04:00,65.27524818154222,66.08199430548757,65.16000163398944,65.81603240966797,874800,0.0,0.0
2019-05-17 00:00:00-04:00,65.6121127382859,66.48977588614996,65.6121127382859,66.23268127441406,1048500,0.0,0.0
2019-05-20 00:00:00-04:00,66.5075234107092,66.7114284271088,65.94901156113221,66.21497344970703,1069600,0.0,0.0
2019-05-21 00:00:00-04:00,66.2149651147313,66.45432537336512,65.7185034361311,65.8603515625,1546500,0.0,0.0
2019-05-22 00:00:00-04:00,65.96673901019032,66.41000426864764,65.70077714963949,66.37454223632812,881000,0.0,0.0
2019-05-23 00:00:00-04:00,66.53412548784067,67.12809937773497,66.41001174259983,67.11923217773438,1159400,0.0,0.0
2019-05-24 00:00:00-04:00,67.26108028684045,67.50044057719296,66.78235294244362,66.82667541503906,789800,0.0,0.0
2019-05-28 00:00:00-04:00,67.00396245755444,67.00396245755444,65.86920474286907,65.88693237304688,1604500,0.0,0.0
2019-05-29 00:00:00-04:00,66.11743129817881,66.24154499889762,64.69898417304289,64.8851547241211,1001200,0.0,0.0
2019-05-30 00:00:00-04:00,64.85858521286767,65.29298333493719,64.46850956481795,64.64581298828125,1070400,0.0,0.0
2019-05-31 00:00:00-04:00,65.09794159993905,65.3639034828475,64.5305625625132,65.01815032958984,2114800,0.0,0.0
2019-06-03 00:00:00-04:00,64.94722506375453,66.16176749642827,64.9383578650931,66.02879333496094,1672700,0.0,0.0
2019-06-04 00:00:00-04:00,66.02879123136726,66.06424649750178,64.67239395439623,66.00218963623047,1366800,0.0,0.0
2019-06-05 00:00:00-04:00,66.18835849980104,67.64226771781779,66.0287827678875,67.50041961669922,1401000,0.0,0.0
2019-06-06 00:00:00-04:00,67.72206242209663,67.9614294379355,67.3763160780545,67.84617614746094,1166500,0.0,0.0
2019-06-07 00:00:00-04:00,68.35149620757488,68.7504389675031,67.26992797851562,67.26992797851562,1350200,0.0,0.0
2019-06-10 00:00:00-04:00,67.04830236521859,67.4827072000647,66.68482836061305,67.3053970336914,1081100,0.0,0.0
2019-06-11 00:00:00-04:00,67.27417934382544,67.42583677321628,66.38206720913756,66.84596252441406,1084600,0.475,0.0
2019-06-12 00:00:00-04:00,67.10465913470792,68.03245634028731,67.10465913470792,68.01461029052734,987600,0.0,0.0
2019-06-13 00:00:00-04:00,68.05030157101292,68.37146243221133,67.5685602792153,67.98785400390625,971900,0.0,0.0
2019-06-14 00:00:00-04:00,68.20196314701381,68.71938976684186,68.05922875901543,68.43391418457031,1142200,0.0,0.0
2019-06-17 00:00:00-04:00,68.45176802622098,68.86213879704084,67.63101967830569,67.97894287109375,908700,0.0,0.0
2019-06-18 00:00:00-04:00,68.46068803986272,68.51421939990956,67.3366315730178,68.18413543701172,1426000,0.0,0.0
2019-06-19 00:00:00-04:00,67.99677999044457,68.89781504616808,67.8272765267994,68.6034164428711,1482000,0.0,0.0
2019-06-20 00:00:00-04:00,68.63019304957352,69.33496251697119,68.30903210730936,69.01380157470703,884000,0.0,0.0
2019-06-21 00:00:00-04:00,69.06733104337393,69.21007227510252,68.21090407183203,69.0940933227539,1597200,0.0,0.0
2019-06-24 00:00:00-04:00,69.18329062341147,69.37954955266814,68.53204584699158,68.6034164428711,1414000,0.0,0.0
2019-06-25 00:00:00-04:00,68.73723349445349,68.73723349445349,68.20196084030776,68.31793975830078,996700,0.0,0.0
2019-06-26 00:00:00-04:00,68.15735930602904,68.37146428386832,66.60508630571383,66.66753387451172,1160100,0.0,0.0
2019-06-27 00:00:00-04:00,66.75675661343625,67.1492813476058,66.33746279637428,66.59617614746094,926400,0.0,0.0
2019-06-28 00:00:00-04:00,66.51585130755237,67.46149441080024,66.4177184684769,67.00651550292969,2160000,0.0,0.0
2019-07-01 00:00:00-04:00,67.01546208096222,67.2028048015155,66.22148287211857,67.09574890136719,1140800,0.0,0.0
2019-07-02 00:00:00-04:00,67.39906586504631,67.80943657768537,67.15819180801985,67.7113037109375,1147300,0.0,0.0
2019-07-03 00:00:00-04:00,67.91648876691369,68.77291552888768,67.84512497478867,68.26441192626953,512700,0.0,0.0
2019-07-05 00:00:00-04:00,67.738077625832,68.33579114874489,66.94409833568785,68.20197296142578,760900,0.0,0.0
2019-07-08 00:00:00-04:00,68.30008202767948,68.50527075085287,67.7469770288417,68.21979522705078,795700,0.0,0.0
2019-07-09 00:00:00-04:00,68.11275263902351,68.41607427075648,67.7737525153452,68.3447036743164,884400,0.0,0.0
2019-07-10 00:00:00-04:00,68.42499550327003,68.79968775889222,68.07707232797995,68.3803939819336,794000,0.0,0.0
2019-07-11 00:00:00-04:00,68.30902501986833,68.77292032929815,67.80052138175618,68.40715789794922,831100,0.0,0.0
2019-07-12 00:00:00-04:00,68.31794563800031,68.44284078637672,67.59533021522239,67.9432601928711,709100,0.0,0.0
2019-07-15 00:00:00-04:00,67.88972352752184,68.28225499529398,67.61317097865032,68.0592269897461,657700,0.0,0.0
2019-07-16 00:00:00-04:00,67.86297320081675,68.18413412983708,67.41691711120805,68.0057144165039,1355100,0.0,0.0
2019-07-17 00:00:00-04:00,68.30009004481155,68.94241175033096,68.24656550477633,68.4606704711914,917900,0.0,0.0
2019-07-18 00:00:00-04:00,68.51421961799954,68.87105905264279,67.91649927179262,68.83538055419922,867600,0.0,0.0
2019-07-19 00:00:00-04:00,68.71048270886024,68.87998621488332,67.75592287071302,67.7826919555664,854700,0.0,0.0
2019-07-22 00:00:00-04:00,67.91649766896252,68.46068664210934,67.28309883926023,68.0503158569336,1193300,0.0,0.0
2019-07-23 00:00:00-04:00,68.0681619967981,68.39823914709204,67.54181227179642,68.0057144165039,988100,0.0,0.0
2019-07-24 00:00:00-04:00,68.3447159046004,68.3447159046004,67.54181356665696,68.18413543701172,847700,0.0,0.0
2019-07-25 00:00:00-04:00,68.60342620396452,68.75508363708076,67.74699935037948,68.02355194091797,1219900,0.0,0.0
2019-07-26 00:00:00-04:00,68.11276114013451,68.53205493870837,67.72023642327271,68.32686614990234,1120500,0.0,0.0
2019-07-29 00:00:00-04:00,68.51421348024454,68.85321363529712,67.9254162145331,68.5588150024414,1078800,0.0,0.0
2019-07-30 00:00:00-04:00,68.47851832136891,68.92457431678066,67.63993087198703,67.98785400390625,918100,0.0,0.0
2019-07-31 00:00:00-04:00,67.96109693140485,68.41607598728217,67.30093591345778,67.52396392822266,1041300,0.0,0.0
2019-08-01 00:00:00-04:00,67.44367775899127,68.79076902283802,67.2384957742403,68.37147521972656,2349600,0.0,0.0
2019-08-02 00:00:00-04:00,68.40715288119878,69.05839767831408,67.28308978233704,67.56856536865234,2160300,0.0,0.0
2019-08-05 00:00:00-04:00,67.87186939256998,68.4249743689766,66.57830316040125,66.95299530029297,2157700,0.0,0.0
2019-08-06 00:00:00-04:00,66.96191839694356,67.22063166995454,65.72188337524265,66.90839385986328,5268700,0.0,0.0
2019-08-07 00:00:00-04:00,67.00653479624317,67.47935308087023,66.03412914894686,67.10466766357422,2969400,0.0,0.0
2019-08-08 00:00:00-04:00,66.98869009720424,68.24657134588537,66.3820604414868,68.08599090576172,2579300,0.0,0.0
2019-08-09 00:00:00-04:00,68.17518738526017,68.6034040770763,67.43473290059548,68.41606140136719,2787400,0.0,0.0
2019-08-12 00:00:00-04:00,68.66587386526554,68.70155916832562,68.05031429846144,68.37147521972656,2022600,0.0,0.0
2019-08-13 00:00:00-04:00,68.31794073376788,68.68370312596377,67.94325531553561,68.2554931640625,2817400,0.0,0.0
2019-08-14 00:00:00-04:00,68.46066884424977,68.48743111363139,67.02436806639483,67.13142395019531,1528400,0.0,0.0
2019-08-15 00:00:00-04:00,66.94408113100222,67.91647988348075,66.83702524740524,67.6310043334961,3140600,0.0,0.0
2019-08-16 00:00:00-04:00,67.68455185307792,68.55881795608529,67.59533519228991,68.37147521972656,2310400,0.0,0.0
2019-08-19 00:00:00-04:00,68.38039506159758,68.96918551897143,67.86296840074384,68.6658706665039,1842900,0.0,0.0
2019-08-20 00:00:00-04:00,68.87105494281158,68.87105494281158,68.18413158521143,68.38932037353516,1719000,0.0,0.0
2019-08-21 00:00:00-04:00,68.35362444886267,68.65693926432972,68.15735871825483,68.62125396728516,1215000,0.0,0.0
2019-08-22 00:00:00-04:00,68.56774402046099,68.7550867651176,68.08600261722573,68.53205871582031,1160400,0.0,0.0
2019-08-23 00:00:00-04:00,68.73723062719422,68.96025862169353,66.96192289046233,67.20279693603516,1698900,0.0,0.0
2019-08-26 00:00:00-04:00,67.21170803186564,67.69344928001475,67.11358198353824,67.66668701171875,1428300,0.0,0.0
2019-08-27 00:00:00-04:00,67.80945046822826,68.21089823714154,67.55073711255768,67.57749938964844,1559900,0.0,0.0
2019-08-28 00:00:00-04:00,67.5953386389503,67.90758335507834,67.18496784224811,67.57749938964844,2168900,0.0,0.0
2019-08-29 00:00:00-04:00,67.98786655836443,68.90674098958564,67.6845516924868,68.82645416259766,2129300,0.0,0.0
2019-08-30 00:00:00-04:00,69.13869205578803,69.15653130413794,68.58558006908251,68.82645416259766,1811300,0.0,0.0
2019-09-03 00:00:00-04:00,68.88890166202033,70.03972715812061,68.65695059608467,70.02188110351562,2371500,0.0,0.0
2019-09-04 00:00:00-04:00,70.15569928795065,70.36980429928134,69.55798577791987,70.02188110351562,1105100,0.0,0.0
2019-09-05 00:00:00-04:00,69.73640215729621,69.95051396468139,68.7104718673035,68.8175277709961,1372100,0.0,0.0
2019-09-06 00:00:00-04:00,68.94241530709412,69.09407271586744,67.51503744689772,67.97001647949219,1964000,0.0,0.0
2019-09-09 00:00:00-04:00,67.76483901213659,67.80052431537143,66.81920229837777,67.0689926147461,2134500,0.0,0.0
2019-09-10 00:00:00-04:00,67.12733746209433,67.12733746209433,65.81657304270294,66.62458038330078,2045800,0.475,0.0
2019-09-11 00:00:00-04:00,66.47196339270843,67.22609906439729,65.82555747437401,67.1273422241211,2501300,0.0,0.0
2019-09-12 00:00:00-04:00,67.67499040940388,69.10247126848625,67.63907820890883,68.68051147460938,2929200,0.0,0.0
2019-09-13 00:00:00-04:00,68.50094013944148,69.578278485854,68.13284531386128,68.77027130126953,2388000,0.0,0.0
2019-09-16 00:00:00-04:00,68.77027616130988,69.4436143877905,68.51889765268523,69.28201293945312,1518400,0.0,0.0
2019-09-17 00:00:00-04:00,70.11695380311741,70.51198109454,69.33588583086916,69.61419677734375,1879300,0.0,0.0
2019-09-18 00:00:00-04:00,69.8566015037918,70.48505468930918,69.60522296940538,70.45812225341797,2134100,0.0,0.0
2019-09-19 00:00:00-04:00,70.56585636371148,70.70950516342228,70.26061293865368,70.6197280883789,1552200,0.0,0.0
2019-09-20 00:00:00-04:00,70.89803945641545,71.20328288311158,70.44016746681942,70.96088409423828,2436700,0.0,0.0
2019-09-23 00:00:00-04:00,70.88008124631511,71.27510860541555,70.79030416912464,70.89804077148438,1432800,0.0,0.0
2019-09-24 00:00:00-04:00,71.23021307594365,71.63422017740234,70.77234795032938,71.42772674560547,1949700,0.0,0.0
2019-09-25 00:00:00-04:00,71.32897278917737,72.12800041265196,70.84417520714602,72.05618286132812,1844400,0.0,0.0
2019-09-26 00:00:00-04:00,72.26266674722919,72.58586968952103,71.97537600403108,72.16390991210938,1657200,0.0,0.0
2019-09-27 00:00:00-04:00,72.31653039732919,72.31653039732919,71.30202972245606,71.82274627685547,1023800,0.0,0.0
2019-09-30 00:00:00-04:00,71.8855903068946,72.37937442325396,71.68807666035084,71.86763763427734,1606000,0.0,0.0
2019-10-01 00:00:00-04:00,71.56237930289794,71.86762949924488,71.07757500249984,71.51749420166016,1787300,0.0,0.0
2019-10-02 00:00:00-04:00,71.43672174769601,71.55343128214368,70.53893713010548,70.7005386352539,1393700,0.0,0.0
2019-10-03 00:00:00-04:00,70.799269480914,70.96087092669327,70.1618434585487,70.47606658935547,1255100,0.0,0.0
2019-10-04 00:00:00-04:00,70.53891521039866,71.43669954900602,70.28753669151675,71.40078735351562,1150100,0.0,0.0
2019-10-07 00:00:00-04:00,71.33794624470929,71.33794624470929,70.63767552196153,70.87110137939453,1308900,0.0,0.0
2019-10-08 00:00:00-04:00,70.70053243655589,70.7274648767938,69.50647735595703,69.50647735595703,1476300,0.0,0.0
2019-10-09 00:00:00-04:00,69.71294912581835,69.82965861372483,69.03961093113797,69.43463134765625,1733900,0.0,0.0
2019-10-10 00:00:00-04:00,69.10247232089937,69.36283064128969,68.5817556801187,68.99473571777344,1184600,0.0,0.0
2019-10-11 00:00:00-04:00,68.86905843958371,69.62320109377328,68.52790274456531,69.17430877685547,1259100,0.0,0.0
2019-10-14 00:00:00-04:00,69.29997350137295,69.3089464128509,68.24956064663891,68.4919662475586,1037500,0.0,0.0
2019-10-15 00:00:00-04:00,68.5548200805822,68.86006350103588,67.68396808173829,68.05206298828125,1270700,0.0,0.0
2019-10-16 00:00:00-04:00,68.01614443480062,68.20467832680058,67.56725225873853,67.98023223876953,1762800,0.0,0.0
2019-10-17 00:00:00-04:00,68.01615078889523,68.33037397158333,67.58521124581465,68.05206298828125,1439000,0.0,0.0
2019-10-18 00:00:00-04:00,67.9353468283418,68.91393542823126,67.78272511766464,68.78824615478516,2104800,0.0,0.0
2019-10-21 00:00:00-04:00,68.59971160726789,69.03064429806463,68.48299524761542,68.82415771484375,1032800,0.0,0.0
2019-10-22 00:00:00-04:00,68.76132181768429,69.36284272801457,68.72541645993766,69.17430877685547,1568000,0.0,0.0
2019-10-23 00:00:00-04:00,69.1473458616094,69.38975146568248,68.77027808810777,69.18325805664062,1305200,0.0,0.0
2019-10-24 00:00:00-04:00,69.26406963315426,69.93740795068419,69.2012249975002,69.5693130493164,896700,0.0,0.0
2019-10-25 00:00:00-04:00,69.65011828726945,69.73989536108607,68.76130676269531,68.76130676269531,1417200,0.0,0.0
2019-10-28 00:00:00-04:00,68.50993436767247,68.97678615272008,67.91740014763793,68.08797454833984,1670400,0.0,0.0
2019-10-29 00:00:00-04:00,68.36628139281837,69.12041697856293,68.11490286423685,68.66255187988281,1519400,0.0,0.0
2019-10-30 00:00:00-04:00,68.88700059045209,69.775805235863,68.73437203554197,69.65011596679688,1104400,0.0,0.0
2019-10-31 00:00:00-04:00,69.65909380721253,69.91047921268046,69.10247181898481,69.75785064697266,1670700,0.0,0.0
2019-11-01 00:00:00-04:00,69.79375416241581,69.95535562104477,69.21019295905835,69.45259857177734,1146700,0.0,0.0
2019-11-04 00:00:00-05:00,69.33588117229542,69.33588117229542,67.98022502653936,68.3124008178711,1546200,0.0,0.0
2019-11-05 00:00:00-05:00,68.06999995298638,68.18670943689123,66.98368185809473,67.29790496826172,2098100,0.0,0.0
2019-11-06 00:00:00-05:00,67.47747013485305,68.24058540703992,67.33382136149761,67.83657836914062,1630600,0.0,0.0
2019-11-07 00:00:00-05:00,67.48645235181789,67.48645235181789,66.2026203735141,67.00164794921875,1473700,0.0,0.0
2019-11-08 00:00:00-05:00,66.53480284420418,67.26200602085338,65.84350501617222,66.26546478271484,2452300,0.0,0.0
2019-11-11 00:00:00-05:00,66.25650184332332,66.66050214681637,66.07694082545227,66.51685333251953,1437800,0.0,0.0
2019-11-12 00:00:00-05:00,66.66048491179207,67.05551219942187,66.55274832892465,66.61559295654297,1877500,0.0,0.0
2019-11-13 00:00:00-05:00,66.8939165734382,68.16876875870842,66.80413950467504,67.85454559326172,1615500,0.0,0.0
2019-11-14 00:00:00-05:00,67.8455634488595,68.74334780406448,67.74680662182286,68.70743560791016,2614100,0.0,0.0
2019-11-15 00:00:00-05:00,68.67152979404828,68.97678006495431,68.46504320890898,68.78824615478516,1683600,0.0,0.0
2019-11-18 00:00:00-05:00,68.85109191879116,69.14735558273524,67.9173952653674,67.98921966552734,1571500,0.0,0.0
2019-11-19 00:00:00-05:00,67.78272307612346,68.34832478959562,67.3607633067412,67.73783111572266,1534800,0.0,0.0
2019-11-20 00:00:00-05:00,67.70191059089464,68.09693098575829,67.09141705386908,67.75577545166016,1718700,0.0,0.0
2019-11-21 00:00:00-05:00,67.72886354002003,67.79170817980216,67.11836981804284,67.5044174194336,1533600,0.0,0.0
2019-11-22 00:00:00-05:00,67.33383239110222,67.59419069829401,66.67844674202611,67.2889404296875,1614200,0.0,0.0
2019-11-25 00:00:00-05:00,67.27995895416208,67.32484406031253,66.42705974269435,66.58866119384766,1431200,0.0,0.0
2019-11-26 00:00:00-05:00,66.32831115590913,66.83107509389902,66.0410204125799,66.5527572631836,1775300,0.0,0.0
2019-11-27 00:00:00-05:00,66.56172879654054,66.72333024778194,66.1667015047169,66.59764099121094,1382700,0.0,0.0
2019-11-29 00:00:00-05:00,66.8310718939128,67.05551799044039,66.66049066869542,66.73231506347656,703300,0.0,0.0
2019-12-02 00:00:00-05:00,66.48990588781538,66.81310879749537,66.13977054392052,66.14875030517578,1369500,0.0,0.0
2019-12-03 00:00:00-05:00,66.38218113915089,66.59764747861149,66.12182283959159,66.26546478271484,851000,0.0,0.0
2019-12-04 00:00:00-05:00,66.02306391096444,66.88493609099623,65.99613147558082,66.75924682617188,962200,0.0,0.0
2019-12-05 00:00:00-05:00,66.61559197095366,67.41461944580078,66.56172710509225,67.41461944580078,1635800,0.0,0.0
2019-12-06 00:00:00-05:00,67.25303886030511,67.82762038104222,67.08245761680277,67.5044174194336,1314900,0.0,0.0
2019-12-09 00:00:00-05:00,67.58521093610074,67.59419069829401,67.1004065209386,67.2889404296875,1551700,0.0,0.0
2019-12-10 00:00:00-05:00,67.29345665397865,67.80859565784728,67.13982027802061,67.41094207763672,1685700,0.495,0.0
2019-12-11 00:00:00-05:00,67.78148802414044,67.94416387120197,67.2121260069699,67.73629760742188,1485600,0.0,0.0
2019-12-12 00:00:00-05:00,67.58266399924429,67.95320612530901,67.23924026137854,67.51940155029297,1173800,0.0,0.0
2019-12-13 00:00:00-05:00,67.30250043480328,67.9441643653545,66.84158438226184,67.799560546875,972200,0.0,0.0
2019-12-16 00:00:00-05:00,67.82669680129833,68.5045118650218,67.70017187434392,68.4683609008789,1505900,0.0,0.0
2019-12-17 00:00:00-05:00,68.4592961815491,69.01962557642216,68.26950886112974,68.33277130126953,1494000,0.0,0.0
2019-12-18 00:00:00-05:00,68.29663091145183,68.81176997370217,67.80860334272678,68.71235656738281,2484500,0.0,0.0
2019-12-19 00:00:00-05:00,68.7485008135466,69.11904290913178,68.17009935782912,68.18817138671875,6537400,0.0,0.0
2019-12-20 00:00:00-05:00,68.43217453010354,69.59801666391513,68.24238723786739,69.20036315917969,4155900,0.0,0.0
2019-12-23 00:00:00-05:00,69.1913528382005,69.1913528382005,68.20626501672275,68.35990142822266,961500,0.0,0.0
2019-12-24 00:00:00-05:00,68.37797033132081,68.57679024318283,68.07973012089323,68.45930480957031,476200,0.0,0.0
2019-12-26 00:00:00-05:00,68.54064933644715,68.60391868892552,68.06166117407058,68.35990142822266,639900,0.0,0.0
2019-12-27 00:00:00-05:00,68.63102340334578,68.98348661611568,68.31470425257633,68.95637512207031,1659800,0.0,0.0
2019-12-30 00:00:00-05:00,68.73044360969837,69.21846434096526,68.73044360969837,69.19135284423828,1106200,0.0,0.0
2019-12-31 00:00:00-05:00,69.17327113744432,69.62514773993996,69.12808071915885,69.40824890136719,1388900,0.0,0.0
2020-01-02 00:00:00-05:00,69.53476264545611,69.67935954961548,68.46833375881228,68.73042297363281,1460900,0.0,0.0
2020-01-03 00:00:00-05:00,68.54063213226348,69.1823029041052,68.54063213226348,68.75753784179688,1239900,0.0,0.0
2020-01-06 00:00:00-05:00,68.75753833928395,69.03769959726375,68.60390196523625,68.82080078125,1381600,0.0,0.0
2020-01-07 00:00:00-05:00,68.5767855556599,69.0828920010578,68.26951279871228,69.0738525390625,1227200,0.0,0.0
2020-01-08 00:00:00-05:00,69.4172843110217,69.4172843110217,68.85696171384393,68.95637512207031,1034700,0.0,0.0
2020-01-09 00:00:00-05:00,68.90214781549986,69.29980146327576,68.74851141343746,69.21846008300781,1460700,0.0,0.0
2020-01-10 00:00:00-05:00,69.40825797866307,69.8601346402557,69.31787713027202,69.5980453491211,1073900,0.0,0.0
2020-01-13 00:00:00-05:00,69.60707330010786,70.27585567936273,69.60707330010786,70.15836334228516,1280800,0.0,0.0
2020-01-14 00:00:00-05:00,70.12221038064212,70.37526707899123,69.68841268793793,70.14028930664062,1439700,0.0,0.0
2020-01-15 00:00:00-05:00,70.31198910317477,70.7909771100239,70.11316233163245,70.6734848022461,1732400,0.0,0.0
2020-01-16 00:00:00-05:00,71.12536482014843,71.66762218560844,71.12536482014843,71.5862808227539,2065900,0.0,0.0
2020-01-17 00:00:00-05:00,71.61340186801931,72.20988229158345,71.54110685205467,72.0743179321289,1552800,0.0,0.0
2020-01-21 00:00:00-05:00,72.07431988946863,72.35448118355063,71.72185668236871,72.3273696899414,1732700,0.0,0.0
2020-01-22 00:00:00-05:00,72.42677721085222,72.69790591509134,72.19179946018427,72.21891784667969,2366300,0.0,0.0
2020-01-23 00:00:00-05:00,72.24603652521132,72.62561123283515,72.0200982142319,72.5713882446289,1269800,0.0,0.0
2020-01-24 00:00:00-05:00,72.5262003128441,73.05037886712307,72.32737348914583,72.65272521972656,1185800,0.0,0.0
2020-01-27 00:00:00-05:00,72.5985002802735,73.0594094736448,72.07432174006955,72.39967346191406,1774800,0.0,0.0
2020-01-28 00:00:00-05:00,72.48099416978434,72.90575922008179,72.27313482288696,72.58944702148438,1350700,0.0,0.0
2020-01-29 00:00:00-05:00,72.95999407292575,73.26726683108038,72.69790483474662,73.22207641601562,1493400,0.0,0.0
2020-01-30 00:00:00-05:00,73.17691173599131,74.05355361126706,72.9961569242849,74.01740264892578,1086100,0.0,0.0
2020-01-31 00:00:00-05:00,73.93604836534344,74.47830581080125,73.75530048025074,74.1529541015625,2038400,0.0,0.0
2020-02-03 00:00:00-05:00,74.31562066903331,74.74941829708048,74.18005632461019,74.67711639404297,1105700,0.0,0.0
2020-02-04 00:00:00-05:00,74.69519143830667,75.02957565608439,74.20716396078089,74.35176086425781,1595500,0.0,0.0
2020-02-05 00:00:00-05:00,74.20716631552052,74.77652827648993,74.05352994598593,74.72230529785156,1071200,0.0,0.0
2020-02-06 00:00:00-05:00,74.75846731326097,75.32782935849875,74.622902951512,75.16515350341797,1388300,0.0,0.0
2020-02-07 00:00:00-05:00,75.41820760317466,75.69837580546067,75.25553173881482,75.55377197265625,1597900,0.0,0.0
2020-02-10 00:00:00-05:00,75.68933525518725,75.94238506387076,75.23745862679807,75.89720153808594,1220500,0.0,0.0
2020-02-11 00:00:00-05:00,76.05987236145151,76.3490731086586,75.79778310693732,76.1592788696289,1498100,0.0,0.0
2020-02-12 00:00:00-05:00,75.87911468245285,76.58404104586187,75.73451776192535,76.43040466308594,1155400,0.0,0.0
2020-02-13 00:00:00-05:00,76.43040479210737,77.58720773863796,76.24965691737052,77.49683380126953,1069600,0.0,0.0
2020-02-14 00:00:00-05:00,77.72277124149912,78.509038967686,77.54202336874069,78.43673706054688,1754300,0.0,0.0
2020-02-18 00:00:00-05:00,78.77113110565121,78.92476749265303,78.1746506924588,78.40058898925781,2305800,0.0,0.0
2020-02-19 00:00:00-05:00,78.30118087634223,78.36444332791578,77.51491306813662,77.61432647705078,1598600,0.0,0.0
2020-02-20 00:00:00-05:00,77.31609104934736,77.65047532927515,76.90939796160855,77.4155044555664,1999000,0.0,0.0
2020-02-21 00:00:00-05:00,77.4154893326698,78.10233668407693,77.02687524657088,77.12628173828125,2212900,0.0,0.0
2020-02-24 00:00:00-05:00,76.81902504037093,77.37935452878015,76.40329937932796,76.6563491821289,1700500,0.0,0.0
2020-02-25 00:00:00-05:00,76.72864141109854,77.1082160673899,75.30070982399577,75.51760864257812,2612800,0.0,0.0
2020-02-26 00:00:00-05:00,76.57499908841856,78.14752746742397,75.9514072764472,77.00879669189453,2840800,0.0,0.0
2020-02-27 00:00:00-05:00,76.95459273687912,77.55106631286715,73.71915435791016,73.71915435791016,2564000,0.0,0.0
2020-02-28 00:00:00-05:00,72.37254696763031,72.5532948222642,69.76070116616526,71.39649200439453,4615000,0.0,0.0
2020-03-02 00:00:00-05:00,71.65859402016878,76.33099653745666,71.53206912030686,76.29484558105469,2835700,0.0,0.0
2020-03-03 00:00:00-05:00,76.06888291233469,77.72275243881897,74.97534268798974,75.15609741210938,2231900,0.0,0.0
2020-03-04 00:00:00-05:00,75.68027440995421,79.22299141586574,75.68027440995421,78.68977355957031,1952700,0.0,0.0
2020-03-05 00:00:00-05:00,77.36127413866812,78.73498289228858,76.91843699214766,77.7679672241211,2061800,0.0,0.0
2020-03-06 00:00:00-05:00,75.74352704249011,77.44258687818295,73.47511226688873,77.13530731201172,3040900,0.0,0.0
2020-03-09 00:00:00-04:00,74.10776426479423,75.3459086621823,72.31832984992671,73.74626159667969,4268200,0.0,0.0
2020-03-10 00:00:00-04:00,74.55097463399137,76.00580386641579,71.97774824736723,75.0965347290039,2920800,0.495,0.0
2020-03-11 00:00:00-04:00,73.61440838477607,74.43275177190783,72.36870751007712,73.53257751464844,2733800,0.0,0.0
2020-03-12 00:00:00-04:00,68.64979420130199,69.85002873634124,64.5944561975001,65.83106231689453,2952100,0.0,0.0
2020-03-13 00:00:00-04:00,68.79529722082671,69.56817449856989,64.73995129647759,69.24083709716797,2490900,0.0,0.0
2020-03-16 00:00:00-04:00,63.666997980013804,65.76741361395307,59.03882314283535,59.96627426147461,3280500,0.0,0.0
2020-03-17 00:00:00-04:00,61.566611943322854,71.99592997157266,60.79373457046478,70.64112091064453,3871900,0.0,0.0
2020-03-18 00:00:00-04:00,65.4128153644549,70.35923410431448,63.812499950620186,69.24083709716797,2533300,0.0,0.0
2020-03-19 00:00:00-04:00,69.78638787745629,71.0684603526693,64.51262549751623,65.35824584960938,3094900,0.0,0.0
2020-03-20 00:00:00-04:00,65.01272952893308,65.14002662618385,56.38376571982423,57.22029495239258,3145800,0.0,0.0
2020-03-23 00:00:00-04:00,57.35667879439631,59.047919353504774,53.41045197933833,55.80182647705078,3118300,0.0,0.0
2020-03-24 00:00:00-04:00,57.64765496595221,59.54802381243628,54.82891903474695,59.366172790527344,2620500,0.0,0.0
2020-03-25 00:00:00-04:00,58.31141863773508,62.848675955346756,56.00187800732063,61.41202926635742,2397400,0.0,0.0
2020-03-26 00:00:00-04:00,61.048313520750696,67.00402760327474,60.59367906978462,66.18568420410156,2056100,0.0,0.0
2020-03-27 00:00:00-04:00,64.43989546285175,70.03189417073585,64.04890952182386,67.5041275024414,1829800,0.0,0.0
2020-03-30 00:00:00-04:00,69.12262314790532,71.62311278287923,67.88602374698883,71.07755279541016,2469800,0.0,0.0
2020-03-31 00:00:00-04:00,69.78636975650677,69.78636975650677,65.90379562501394,66.22203826904297,2555900,0.0,0.0
2020-04-01 00:00:00-04:00,63.56699980982281,64.18529607684897,59.92082913783775,61.58479309082031,1976800,0.0,0.0
2020-04-02 00:00:00-04:00,60.78463597946094,65.74924427225453,60.702805092953376,65.16731262207031,2065000,0.0,0.0
2020-04-03 00:00:00-04:00,63.83976542896972,65.14911479907745,62.16671406687279,62.51223373413086,2175500,0.0,0.0
2020-04-06 00:00:00-04:00,64.74905566233724,68.23155818914724,64.33988731766347,67.54960632324219,1320800,0.0,0.0
2020-04-07 00:00:00-04:00,68.77710457985525,68.77710457985525,64.74904275097636,65.04000854492188,2606500,0.0,0.0
2020-04-08 00:00:00-04:00,65.57647021327968,69.93186872126917,65.10364653905388,69.113525390625,1365600,0.0,0.0
2020-04-09 00:00:00-04:00,69.58634952466369,73.87809994854504,69.58634952466369,71.83224487304688,1660000,0.0,0.0
2020-04-13 00:00:00-04:00,70.86842572354195,71.732228469952,67.82236912508483,68.9407730102539,992700,0.0,0.0
2020-04-14 00:00:00-04:00,69.13172304823372,70.6774845572279,68.97714897848594,70.16828918457031,1153600,0.0,0.0
2020-04-15 00:00:00-04:00,69.1226353094927,69.3317702590235,67.44048882834767,68.64981842041016,1436300,0.0,0.0
2020-04-16 00:00:00-04:00,69.21356352359979,70.67748726895996,68.10425415758303,70.25012969970703,1601400,0.0,0.0
2020-04-17 00:00:00-04:00,71.60495100444707,71.6867819043231,69.18629155178685,70.76842498779297,1577800,0.0,0.0
2020-04-20 00:00:00-04:00,71.36852644797173,71.49582356116781,66.48575604438913,66.59486389160156,1851000,0.0,0.0
2020-04-21 00:00:00-04:00,65.27643369868179,67.60416052374426,65.07639337393302,67.3041000366211,2648600,0.0,0.0
2020-04-22 00:00:00-04:00,68.4679681311772,70.24104015637178,67.36774638129727,69.81368255615234,1507900,0.0,0.0
2020-04-23 00:00:00-04:00,69.49544011479232,70.05918947465175,67.04041623048677,67.45867919921875,1531200,0.0,0.0
2020-04-24 00:00:00-04:00,67.22224592617289,67.513211678817,66.08565987097396,66.95855712890625,1460300,0.0,0.0
2020-04-27 00:00:00-04:00,67.40410983366105,67.67689331403794,66.67669878127612,66.75852966308594,1112400,0.0,0.0
2020-04-28 00:00:00-04:00,67.34955304689464,68.28609898601039,66.59485812884479,67.51322174072266,1410800,0.0,0.0
2020-04-29 00:00:00-04:00,68.8680552214053,68.8680552214053,66.20389588014785,67.84967803955078,1747800,0.0,0.0
2020-04-30 00:00:00-04:00,67.39501581604983,67.46775205844463,65.54919405470689,66.1493148803711,1742600,0.0,0.0
2020-05-01 00:00:00-04:00,65.20367413225415,65.4400859964419,64.01253405395103,64.9672622680664,1520200,0.0,0.0
2020-05-04 00:00:00-04:00,64.72177139266854,65.16731128569775,63.7124821900711,64.95818328857422,1130100,0.0,0.0
2020-05-05 00:00:00-04:00,64.6399148733222,66.0220073172712,64.6399148733222,65.60374450683594,1375300,0.0,0.0
2020-05-06 00:00:00-04:00,65.8856170054232,65.8856170054232,63.47605327641594,63.50333023071289,1985300,0.0,0.0
2020-05-07 00:00:00-04:00,64.3580491706643,64.7945012783274,63.12144295898489,63.3305778503418,2300300,0.0,0.0
2020-05-08 00:00:00-04:00,64.02164070061102,64.56720077351535,63.56700615032861,64.4308090209961,1219500,0.0,0.0
2020-05-11 00:00:00-04:00,64.13984505623478,64.99456025557932,62.912333122119946,64.40353393554688,2311800,0.0,0.0
2020-05-12 00:00:00-04:00,63.839764056750134,64.40351323168906,62.19398968571082,62.71227264404297,3072700,0.0,0.0
2020-05-13 00:00:00-04:00,62.275837613597744,62.42132399686387,60.921028621001696,62.14854049682617,2586200,0.0,0.0
2020-05-14 00:00:00-04:00,61.575693526338284,62.62135419136929,60.31181025882554,62.484962463378906,1999000,0.0,0.0
2020-05-15 00:00:00-04:00,62.18491117772755,63.38514607332394,60.51185941781788,62.52134323120117,6531000,0.0,0.0
2020-05-18 00:00:00-04:00,64.0943654669495,66.10384898652013,63.60335940820075,65.67649841308594,2530200,0.0,0.0
2020-05-19 00:00:00-04:00,65.31278279028527,65.35824207022516,64.23075064502262,64.2398452758789,1272500,0.0,0.0
2020-05-20 00:00:00-04:00,64.73995414123722,64.8217919637698,63.71248260329344,63.94889450073242,1531700,0.0,0.0
2020-05-21 00:00:00-04:00,63.75794852134472,64.38533945090914,62.79411860747026,63.01234817504883,1510900,0.0,0.0
2020-05-22 00:00:00-04:00,63.02142791186462,63.557900192945596,62.79411067722402,63.48515701293945,1340000,0.0,0.0
2020-05-26 00:00:00-04:00,64.57627154761646,65.5673782148435,64.0579885735969,64.3398666381836,1784200,0.0,0.0
2020-05-27 00:00:00-04:00,65.40372450177139,65.40372450177139,63.01234934435204,64.11256408691406,2586500,0.0,0.0
2020-05-28 00:00:00-04:00,65.73105102570278,67.64051436929367,65.26732193433156,67.2313461303711,2379700,0.0,0.0
2020-05-29 00:00:00-04:00,66.93128520488375,68.44066799232239,66.70396797675608,67.94966888427734,1877000,0.0,0.0
2020-06-01 00:00:00-04:00,67.83147297735967,68.48614783452783,67.05859563543662,67.62234497070312,1037900,0.0,0.0
2020-06-02 00:00:00-04:00,68.03151209025906,68.17699847247877,67.0494998217936,68.11334991455078,1363700,0.0,0.0
2020-06-03 00:00:00-04:00,68.22245738717002,69.34086139849505,68.19518042494764,69.17719268798828,1344400,0.0,0.0
2020-06-04 00:00:00-04:00,68.73163866872282,68.95895591306258,66.39481767439712,67.27680969238281,1267100,0.0,0.0
2020-06-05 00:00:00-04:00,67.85874730047634,69.95916354171246,67.46776132805337,68.7225570678711,1723500,0.0,0.0
2020-06-08 00:00:00-04:00,68.3406608409724,70.39560377030595,67.74963460811182,70.21375274658203,1245700,0.0,0.0
2020-06-09 00:00:00-04:00,69.63263563882543,69.63263563882543,67.76576593143133,68.8822250366211,1436500,0.495,0.0
2020-06-10 00:00:00-04:00,68.76326343011276,69.8705762657747,68.3697549858752,68.50702667236328,1109400,0.0,0.0
2020-06-11 00:00:00-04:00,67.25327568366936,67.55527193846825,65.03865044566413,65.74330139160156,1727900,0.0,0.0
2020-06-12 00:00:00-04:00,67.11601130391767,67.28988922376978,64.82817333503156,65.66094970703125,1523000,0.0,0.0
2020-06-15 00:00:00-04:00,64.43465531528705,66.64928022324641,63.803209964253156,66.20085906982422,1668100,0.0,0.0
2020-06-16 00:00:00-04:00,67.7749000559058,68.40634547916066,66.0269957284447,66.39305114746094,2314600,0.0,0.0
2020-06-17 00:00:00-04:00,66.54864423990847,66.83233396619826,65.34066584863974,66.31070709228516,2199900,0.0,0.0
2020-06-18 00:00:00-04:00,65.80738683538158,66.39307290497074,64.61770807919372,66.31070709228516,2041400,0.0,0.0
2020-06-19 00:00:00-04:00,66.86893109071507,67.07941526602175,63.821529093962035,63.876441955566406,3761600,0.0,0.0
2020-06-22 00:00:00-04:00,63.629337865347544,65.28573004445266,62.485419071617216,64.62683868408203,2053500,0.0,0.0
2020-06-23 00:00:00-04:00,65.27658720880447,65.27658720880447,63.318198687855954,64.05945587158203,1783700,0.0,0.0
2020-06-24 00:00:00-04:00,63.45547742520319,63.940504991949005,62.4671366218832,63.5652961730957,1674500,0.0,0.0
2020-06-25 00:00:00-04:00,63.54699100378315,63.54699100378315,61.442177235061635,62.97045135498047,1388500,0.0,0.0
2020-06-26 00:00:00-04:00,62.70506623861869,63.67511438197059,61.908903014404096,63.05282211303711,3616500,0.0,0.0
2020-06-29 00:00:00-04:00,63.54698409599663,63.87643329323512,62.71420779688635,63.812374114990234,1248600,0.0,0.0
2020-06-30 00:00:00-04:00,63.78492340617478,64.70005864575793,63.69341127860202,64.388916015625,1351000,0.0,0.0
2020-07-01 00:00:00-04:00,64.37061531165371,66.57609479288809,64.29740979203024,66.3381576538086,1782100,0.0,0.0
2020-07-02 00:00:00-04:00,66.64929488412646,67.56443003733894,66.59438202722326,67.01535034179688,1774400,0.0,0.0
2020-07-06 00:00:00-04:00,67.37225629542263,68.15927313015801,66.31069610645768,67.11601257324219,1682900,0.0,0.0
2020-07-07 00:00:00-04:00,66.43881447658413,67.23498461830785,65.92634099607831,67.11601257324219,1163800,0.0,0.0
2020-07-08 00:00:00-04:00,67.05195419674014,67.99454933393345,66.63099283525874,67.66510009765625,1245800,0.0,0.0
2020-07-09 00:00:00-04:00,67.30819186252646,67.65594069976703,65.57858701874427,67.39970397949219,1363300,0.0,0.0
2020-07-10 00:00:00-04:00,67.35395065347431,68.69004723402337,67.35395065347431,68.21417999267578,1188100,0.0,0.0
2020-07-13 00:00:00-04:00,68.35145791082603,69.58688917160227,68.16842666134879,69.14762115478516,1783500,0.0,0.0
2020-07-14 00:00:00-04:00,69.25744475592728,70.392210654463,68.9462951009842,70.07191467285156,2206200,0.0,0.0
2020-07-15 00:00:00-04:00,70.74911324033103,70.99620370018047,69.36726385823208,69.4862289428711,1713900,0.0,0.0
2020-07-16 00:00:00-04:00,69.4861996028948,70.77653629951978,69.35808126371008,70.2732162475586,1605300,0.0,0.0
2020-07-17 00:00:00-04:00,70.65759856739747,72.21333283023533,70.29154303602806,72.05775451660156,1372400,0.0,0.0
2020-07-20 00:00:00-04:00,71.7832167347546,72.46041491661217,71.1426178215999,71.1883773803711,1022900,0.0,0.0
2020-07-21 00:00:00-04:00,71.22498287213966,72.00284648946344,70.95043948629441,71.38055419921875,1360200,0.0,0.0
2020-07-22 00:00:00-04:00,71.04195656685016,73.48537332158341,70.74911352646082,73.40300750732422,1153400,0.0,0.0
2020-07-23 00:00:00-04:00,73.42130058935851,73.96122700913155,73.11015098897076,73.68668365478516,1482200,0.0,0.0
2020-07-24 00:00:00-04:00,73.7690541067937,74.4096459981035,72.40550451990403,72.77155303955078,780100,0.0,0.0
2020-07-27 00:00:00-04:00,72.79900629306096,72.79900629306096,71.81981193066225,72.3048324584961,1103800,0.0,0.0
2020-07-28 00:00:00-04:00,72.0669059227737,73.65923941298458,71.92048092131928,72.90882873535156,1061900,0.0,0.0
2020-07-29 00:00:00-04:00,73.0278027828908,73.57688258943833,72.91798402880988,73.34809875488281,655400,0.0,0.0
2020-07-30 00:00:00-04:00,72.8996766655553,73.13760680128006,72.32313699516362,72.79901123046875,1009300,0.0,0.0
2020-07-31 00:00:00-04:00,72.8630710533939,73.47620999468339,72.18586594201088,73.43045043945312,1107700,0.0,0.0
2020-08-03 00:00:00-04:00,73.17421024927275,73.21081649535172,71.58187694543855,72.55191802978516,1211900,0.0,0.0
2020-08-04 00:00:00-04:00,72.32313517938921,75.43459631774729,72.30483554707281,75.2149658203125,2629700,0.0,0.0
2020-08-05 00:00:00-04:00,75.28818091765932,75.40715297961079,72.99119625443068,73.62263488769531,2254900,0.0,0.0
2020-08-06 00:00:00-04:00,73.4578896187173,74.5743555306771,73.10098749695003,74.18084716796875,1547800,0.0,0.0
2020-08-07 00:00:00-04:00,72.60683769593062,75.69084643994246,72.60683769593062,75.20582580566406,1435100,0.0,0.0
2020-08-10 00:00:00-04:00,75.93791415207312,76.8255893398893,75.1691970325917,76.18499755859375,1249400,0.0,0.0
2020-08-11 00:00:00-04:00,76.56020717534722,76.8347435210609,73.98867275102324,74.27236938476562,1037600,0.0,0.0
2020-08-12 00:00:00-04:00,74.6018206528365,75.95622386120496,74.09850046700922,75.02278900146484,1151900,0.0,0.0
2020-08-13 00:00:00-04:00,74.08019933226396,74.72079822787579,73.60433205094587,74.46456146240234,1464300,0.0,0.0
2020-08-14 00:00:00-04:00,74.68418120219647,74.98617748161347,73.7324397949572,74.37303161621094,645400,0.0,0.0
2020-08-17 00:00:00-04:00,74.47369540614474,75.2515658630515,74.0435877538557,74.51945495605469,734000,0.0,0.0
2020-08-18 00:00:00-04:00,74.58352293258963,74.87636593353862,74.00699023813848,74.29067993164062,1014500,0.0,0.0
2020-08-19 00:00:00-04:00,74.65673781980348,74.8489153907766,74.061898491404,74.26322937011719,612300,0.0,0.0
2020-08-20 00:00:00-04:00,73.85142266291575,74.42796242301175,73.32979577354679,73.64094543457031,816000,0.0,0.0
2020-08-21 00:00:00-04:00,73.97954750493915,74.07106663681657,72.69836344180918,73.86973571777344,880300,0.0,0.0
2020-08-24 00:00:00-04:00,74.21746464928755,74.40964220688893,73.36638861880853,74.354736328125,837100,0.0,0.0
2020-08-25 00:00:00-04:00,74.62013714904403,74.70249597907724,72.74410689198528,72.84477233886719,1259600,0.0,0.0
2020-08-26 00:00:00-04:00,72.43295593962957,72.43295593962957,71.06025307399638,71.78321075439453,1305600,0.0,0.0
2020-08-27 00:00:00-04:00,72.15840067608802,72.60681491665282,71.69167982378696,72.23161315917969,716600,0.0,0.0
2020-08-28 00:00:00-04:00,72.65257997587975,72.65257997587975,71.40799559660722,71.98453521728516,735600,0.0,0.0
2020-08-31 00:00:00-04:00,71.64594400303773,72.579378943871,71.53612525273392,72.39635467529297,1122800,0.0,0.0
2020-09-01 00:00:00-04:00,72.39634927611509,72.39634927611509,71.06940597306439,71.81981658935547,664900,0.0,0.0
2020-09-02 00:00:00-04:00,71.87472201784936,73.76905167036035,71.50866652836467,73.42130279541016,1495400,0.0,0.0
2020-09-03 00:00:00-04:00,73.85140667279043,74.29067463385297,71.69168707658166,72.38719177246094,1155900,0.0,0.0
2020-09-04 00:00:00-04:00,72.46039455162693,72.85390290790716,71.24326324244318,72.25906372070312,1084700,0.0,0.0
2020-09-08 00:00:00-04:00,72.22684722582628,72.22684722582628,70.56000524399548,71.27831268310547,984300,0.495,0.0
2020-09-09 00:00:00-04:00,71.76638781613799,73.33192919681339,71.56378685549157,72.18079376220703,1365700,0.0,0.0
2020-09-10 00:00:00-04:00,71.93215123314228,72.37418330323327,70.2560983299367,70.41265106201172,898400,0.0,0.0
2020-09-11 00:00:00-04:00,70.64288068363862,70.75339221811495,69.84168786712517,70.54158020019531,959500,0.0,0.0
2020-09-14 00:00:00-04:00,70.87309554027497,71.646662096094,70.58761624130368,70.89151763916016,936800,0.0,0.0
2020-09-15 00:00:00-04:00,71.13096893273985,72.18080403645703,70.79944131830557,71.37040710449219,1068400,0.0,0.0
2020-09-16 00:00:00-04:00,71.35199480383521,72.61363497223479,71.2322722003116,71.7756118774414,1193700,0.0,0.0
2020-09-17 00:00:00-04:00,71.21383937966762,71.61903424748807,70.53236218992967,71.48090362548828,1123100,0.0,0.0
2020-09-18 00:00:00-04:00,71.30593094606283,71.90452275461871,70.7718024383685,70.78101348876953,2281100,0.0,0.0
2020-09-21 00:00:00-04:00,69.76801584635736,71.06649291578587,69.31676571372934,70.55999755859375,1660800,0.0,0.0
2020-09-22 00:00:00-04:00,70.50474053039618,71.7755985410552,70.49553650566175,70.96519470214844,1152900,0.0,0.0
2020-09-23 00:00:00-04:00,71.02046420811612,71.40724408185488,69.55621607757074,69.62989044189453,995300,0.0,0.0
2020-09-24 00:00:00-04:00,69.78644054200852,70.9836243258213,69.32598632146112,70.63367462158203,794200,0.0,0.0
2020-09-25 00:00:00-04:00,70.45870472240982,72.1071316265866,70.15480325955616,72.02424621582031,764700,0.0,0.0
2020-09-28 00:00:00-04:00,72.724130863365,73.09249559508464,71.90452302392458,72.2176284790039,713500,0.0,0.0
2020-09-29 00:00:00-04:00,72.59520431656922,73.09249565087437,72.2913028857206,72.77017211914062,898200,0.0,0.0
2020-09-30 00:00:00-04:00,73.02804042943956,73.5897951270486,72.3189370123386,72.825439453125,1444900,0.0,0.0
2020-10-01 00:00:00-04:00,72.90831032695792,73.86605582706241,72.80700984923715,73.54373931884766,1060800,0.0,0.0
2020-10-02 00:00:00-04:00,73.15694912913989,74.33571049249018,72.71491010489757,73.4976806640625,900600,0.0,0.0
2020-10-05 00:00:00-04:00,73.53453107511847,74.64882934660629,72.58599658932148,74.33572387695312,1066600,0.0,0.0
2020-10-06 00:00:00-04:00,74.32650301559258,75.54210160821862,73.51610629583264,74.86984252929688,1216600,0.0,0.0
2020-10-07 00:00:00-04:00,75.06324241374665,75.38555893465023,73.71871705085371,74.30809783935547,963700,0.0,0.0
2020-10-08 00:00:00-04:00,74.75933624649613,75.2842536976611,74.33571927064132,75.26583862304688,1199700,0.0,0.0
2020-10-09 00:00:00-04:00,75.35793065857224,76.00256368199261,74.88826544095284,75.56053161621094,971000,0.0,0.0
2020-10-12 00:00:00-04:00,75.61578130452125,76.80375385824267,75.56052905466487,76.01177215576172,816300,0.0,0.0
2020-10-13 00:00:00-04:00,75.33031185116072,75.33031185116072,73.55295831280283,74.73171997070312,1115100,0.0,0.0
2020-10-14 00:00:00-04:00,74.81460831133647,75.19218418767221,74.53833996311545,74.91590881347656,698200,0.0,0.0
2020-10-15 00:00:00-04:00,74.18838034734283,75.4224012883141,74.00420147303605,74.73171997070312,636900,0.0,0.0
2020-10-16 00:00:00-04:00,74.83301801261445,76.13149519376161,74.74092857847202,75.87364196777344,953500,0.0,0.0
2020-10-19 00:00:00-04:00,75.8828605553939,76.28805551105779,74.79618826225258,75.18296813964844,795900,0.0,0.0
2020-10-20 00:00:00-04:00,75.68946558997155,76.1775459303623,74.88827273202577,75.64341735839844,915500,0.0,0.0
2020-10-21 00:00:00-04:00,75.76312544518653,76.61957047569733,75.32109338000399,75.78154754638672,868100,0.0,0.0
2020-10-22 00:00:00-04:00,75.67103856973478,76.60115798447629,75.33030697174028,76.46302032470703,535400,0.0,0.0
2020-10-23 00:00:00-04:00,76.9603194673548,76.96953051919712,76.14071150273568,76.7945556640625,1026600,0.0,0.0
2020-10-26 00:00:00-04:00,76.16833508840993,77.44839723875884,75.72630297837615,77.41156005859375,1027000,0.0,0.0
2020-10-27 00:00:00-04:00,77.56811769672976,78.67320496738465,77.30105341736056,77.53128051757812,1381100,0.0,0.0
2020-10-28 00:00:00-04:00,76.5366971806257,77.50365380462927,74.84222208230987,74.93431854248047,1131500,0.0,0.0
2020-10-29 00:00:00-04:00,74.75013974927803,75.92890148131849,73.58980012141116,74.90669250488281,890400,0.0,0.0
2020-10-30 00:00:00-04:00,74.5383225231727,75.72629511270125,74.0134050557971,74.70408630371094,1330400,0.0,0.0
2020-11-02 00:00:00-05:00,75.5052748506547,76.68403643325526,75.10007994786903,76.6287841796875,1109700,0.0,0.0
2020-11-03 00:00:00-05:00,77.5588962951705,78.50743069732866,76.96951555934461,77.65098571777344,854700,0.0,0.0
2020-11-04 00:00:00-05:00,77.37471759592493,78.82054344532096,76.81296995818634,76.84980010986328,1209200,0.0,0.0
2020-11-05 00:00:00-05:00,77.44839723607551,78.01015193811982,75.10008496491493,75.94731903076172,1692400,0.0,0.0
2020-11-06 00:00:00-05:00,75.69866693450734,76.4169813813496,75.00798564121449,75.37635040283203,1262500,0.0,0.0
2020-11-09 00:00:00-05:00,78.61794711131799,80.02693574012483,76.2051647435613,76.47222900390625,1967200,0.0,0.0
2020-11-10 00:00:00-05:00,76.51828014882659,77.18133536054206,75.90127317024788,75.9381103515625,1521300,0.0,0.0
2020-11-11 00:00:00-05:00,76.25122315687356,76.76692964520478,75.46844534654716,75.85523223876953,1724700,0.0,0.0
2020-11-12 00:00:00-05:00,75.68025928276819,76.34331451353448,74.40019705569544,74.90669250488281,1654700,0.0,0.0
2020-11-13 00:00:00-05:00,74.9895558279439,76.31566589877177,74.90667043553114,75.62498474121094,1467300,0.0,0.0
2020-11-16 00:00:00-05:00,76.77614594785145,77.77993286357089,75.80918919012538,77.66021728515625,2218400,0.0,0.0
2020-11-17 00:00:00-05:00,77.0431964445224,77.0431964445224,74.19758597064042,74.22521209716797,2013300,0.0,0.0
2020-11-18 00:00:00-05:00,75.413186873797,75.413186873797,72.54916124241187,72.80701446533203,2428500,0.0,0.0
2020-11-19 00:00:00-05:00,72.73332909950328,73.00038628132718,71.47168239908406,72.15315246582031,1536400,0.0,0.0
2020-11-20 00:00:00-05:00,72.42944804406945,73.11091830200685,72.07029432529342,72.2452621459961,1358400,0.0,0.0
2020-11-23 00:00:00-05:00,72.3926014254597,73.19379416917373,72.15316330217057,73.02803039550781,2351500,0.0,0.0
2020-11-24 00:00:00-05:00,73.36877443807435,73.58058647275115,72.25447605801546,72.81623077392578,3116100,0.0,0.0
2020-11-25 00:00:00-05:00,72.93593674981004,74.2159987633468,72.75175789464316,74.20679473876953,1657700,0.0,0.0
2020-11-27 00:00:00-05:00,74.04103018256838,74.16995678502826,72.68729383076669,72.74254608154297,438700,0.0,0.0
2020-11-30 00:00:00-05:00,72.5307433937672,72.53994741853869,71.43486021227235,71.62825012207031,1418600,0.0,0.0
2020-12-01 00:00:00-05:00,72.10713192595986,72.98199211250261,71.67430384542709,72.30052185058594,1246100,0.0,0.0
2020-12-02 00:00:00-05:00,71.93216179979535,72.34656780462748,70.9191638788925,72.2821044921875,914100,0.0,0.0
2020-12-03 00:00:00-05:00,72.01502781098881,72.23605086648125,71.43485809876019,71.74797058105469,1122200,0.0,0.0
2020-12-04 00:00:00-05:00,71.59141556786295,72.01503257998364,70.3942388882106,70.9836196899414,1123100,0.0,0.0
2020-12-07 00:00:00-05:00,70.84548690374392,72.02424858833713,70.68893415444066,72.0150375366211,1638000,0.0,0.0
2020-12-08 00:00:00-05:00,71.45419291199576,72.5109875976788,71.2131674532722,71.62105560302734,1724000,0.515,0.0
2020-12-09 00:00:00-05:00,71.58397361401099,72.31631502553887,71.35222027134587,72.12164306640625,1449800,0.0,0.0
2020-12-10 00:00:00-05:00,72.03821848959028,72.44610669424101,71.08339571284125,71.69522094726562,1105700,0.0,0.0
2020-12-11 00:00:00-05:00,71.35222812692089,71.97332545623141,71.05558409855233,71.81573486328125,1173000,0.0,0.0
2020-12-14 00:00:00-05:00,72.09382448449938,72.86324725565498,71.14827398772482,71.60250854492188,1368200,0.0,0.0
2020-12-15 00:00:00-05:00,71.8250054614039,73.46581616154353,71.33368239029522,72.98377227783203,1419800,0.0,0.0
2020-12-16 00:00:00-05:00,73.23405065291966,73.82733859873424,71.92695850593587,72.30703735351562,1326600,0.0,0.0
2020-12-17 00:00:00-05:00,72.64077181098932,73.84589208026934,72.39047422815295,72.99303436279297,1692100,0.0,0.0
2020-12-18 00:00:00-05:00,72.92812853014064,73.69755120236974,72.6963752244728,73.10426330566406,2410200,0.0,0.0
2020-12-21 00:00:00-05:00,71.94550907562736,72.60368772752652,70.79601446333521,71.45419311523438,1395800,0.0,0.0
2020-12-22 00:00:00-05:00,71.38002854818657,71.46345635556145,70.23053396486762,70.96287536621094,1680600,0.0,0.0
2020-12-23 00:00:00-05:00,71.19462702794385,71.53761743580324,70.02658824436612,70.19345092773438,1226300,0.0,0.0
2020-12-24 00:00:00-05:00,70.31395921494139,70.96287278530902,70.12855937915087,70.88871002197266,462900,0.0,0.0
2020-12-28 00:00:00-05:00,71.03701789549048,71.56541512859683,70.87942735128581,71.14826202392578,991500,0.0,0.0
2020-12-29 00:00:00-05:00,71.24097741180258,71.81572825814618,70.96287763909505,70.98141479492188,1027600,0.0,0.0
2020-12-30 00:00:00-05:00,71.00921354984787,71.55615504518437,70.92578575215491,71.35221099853516,1526600,0.0,0.0
2020-12-31 00:00:00-05:00,71.62105679740817,72.40901676776117,71.12974083021928,72.36266326904297,1238700,0.0,0.0
2021-01-04 00:00:00-05:00,71.97330884679273,72.28849703250789,70.04511957109378,70.57351684570312,2807600,0.0,0.0
2021-01-05 00:00:00-05:00,70.81455331251333,70.99068812235721,69.97097479323409,70.23053741455078,1570800,0.0,0.0
2021-01-06 00:00:00-05:00,70.05440161011465,71.38003104091949,69.92462030129887,70.8145523071289,2284400,0.0,0.0
2021-01-07 00:00:00-05:00,71.02776856499553,71.18535914405432,68.58971882021726,68.82147216796875,2153800,0.0,0.0
2021-01-08 00:00:00-05:00,68.87709446313481,69.64651016547035,68.69168755033364,69.5260009765625,1552700,0.0,0.0
2021-01-11 00:00:00-05:00,69.44256303327343,69.83190688449523,68.94197505060991,69.56307220458984,2480400,0.0,0.0
2021-01-12 00:00:00-05:00,69.40549513073508,69.72067628885269,68.04278431434817,68.82147216796875,1456500,0.0,0.0
2021-01-13 00:00:00-05:00,69.00688519374474,70.23054269520992,68.86783175828361,69.98951721191406,1879800,0.0,0.0
2021-01-14 00:00:00-05:00,70.16565655831634,70.16565655831634,67.69979716633239,68.58972930908203,1764500,0.0,0.0
2021-01-15 00:00:00-05:00,68.50629093193328,69.32206016897237,68.06132139283412,68.96052551269531,1240100,0.0,0.0
2021-01-19 00:00:00-05:00,69.04395170784264,69.04395170784264,67.45875278664332,67.6626968383789,2451700,0.0,0.0
2021-01-20 00:00:00-05:00,67.1065062537954,67.54220372751186,66.60591811841171,67.24555969238281,2273300,0.0,0.0
2021-01-21 00:00:00-05:00,67.04162159838074,67.40315632756688,66.39271492357288,66.50395202636719,2416600,0.0,0.0
2021-01-22 00:00:00-05:00,66.4297871431459,67.76468170022994,65.8272269868493,67.56073760986328,2680500,0.0,0.0
2021-01-25 00:00:00-05:00,67.04160740973865,69.66505697454815,66.85620756261783,69.60016632080078,2551600,0.0,0.0
2021-01-26 00:00:00-05:00,69.38693964560159,70.15636233272485,68.28379869860231,69.72066497802734,1224100,0.0,0.0
2021-01-27 00:00:00-05:00,68.94199229718622,70.83310056947954,68.6453482783491,69.60943603515625,1505600,0.0,0.0
2021-01-28 00:00:00-05:00,69.63724157872204,70.6106012993058,68.51555633544922,68.51555633544922,1650000,0.0,0.0
2021-01-29 00:00:00-05:00,68.0984101830288,68.45994487862376,67.18994092270619,67.41242218017578,1744200,0.0,0.0
2021-02-01 00:00:00-05:00,67.62561551961193,68.32087547521814,67.1528438420357,67.52364349365234,1365200,0.0,0.0
2021-02-02 00:00:00-05:00,67.52364614199705,69.09030089995817,66.93035818908106,67.45875549316406,908500,0.0,0.0
2021-02-03 00:00:00-05:00,67.45875561785601,67.91299723307685,67.10649310533297,67.43094635009766,748400,0.0,0.0
2021-02-04 00:00:00-05:00,67.3289756062392,68.93271177892936,66.9859852005997,68.53409576416016,1453400,0.0,0.0
2021-02-05 00:00:00-05:00,68.79366542511181,69.39622556591205,68.45994002628557,68.78439331054688,1243500,0.0,0.0
2021-02-08 00:00:00-05:00,68.86783549736307,69.0161539833699,66.98599917659861,67.29190826416016,1637200,0.0,0.0
2021-02-09 00:00:00-05:00,67.84811136063891,68.13548324444002,67.06941644583318,67.91300201416016,777300,0.0,0.0
2021-02-10 00:00:00-05:00,68.35795661027592,68.83073535871034,67.82955932880802,68.0798568725586,1720000,0.0,0.0
2021-02-11 00:00:00-05:00,68.16328017793101,68.42284274504023,66.95816724884546,67.26407623291016,1492400,0.0,0.0
2021-02-12 00:00:00-05:00,67.05089659479685,68.05207299826748,66.66155257318692,67.93155670166016,1247300,0.0,0.0
2021-02-16 00:00:00-05:00,67.86664938525777,68.26526542557826,66.57810133987199,67.35679626464844,1660400,0.0,0.0
2021-02-17 00:00:00-05:00,67.65344448080869,68.22818829157383,67.01380293909772,67.95008850097656,1487200,0.0,0.0
2021-02-18 00:00:00-05:00,67.89445885449746,69.1737418619792,67.6719776207162,68.68241882324219,1436900,0.0,0.0
2021-02-19 00:00:00-05:00,68.68241891203522,68.73804452496563,66.98598977750252,67.0508804321289,1813700,0.0,0.0
2021-02-22 00:00:00-05:00,67.08796599100287,67.20847519350724,64.69626959015264,65.81795501708984,2226300,0.0,0.0
2021-02-23 00:00:00-05:00,66.36488340008043,67.47730368151957,66.02189298149102,66.61518096923828,1780900,0.0,0.0
2021-02-24 00:00:00-05:00,66.34634178473439,66.75422990109787,65.85502586596033,66.18875122070312,1146000,0.0,0.0
2021-02-25 00:00:00-05:00,66.01262164575215,66.80985371478938,66.01262164575215,66.19802856445312,1292400,0.0,0.0
2021-02-26 00:00:00-05:00,66.30927433862226,67.33825988655916,65.1226981935369,65.1412353515625,2361100,0.0,0.0
2021-03-01 00:00:00-05:00,65.76232557986945,66.79131090577334,65.71597208598001,66.27217864990234,1438300,0.0,0.0
2021-03-02 00:00:00-05:00,66.51320401876293,66.90254790585097,65.67889063746702,66.66152954101562,1422800,0.0,0.0
2021-03-03 00:00:00-05:00,66.37415873799617,66.47613077889488,65.28955474576551,65.93846130371094,1562900,0.0,0.0
2021-03-04 00:00:00-05:00,66.1145988217856,67.35680051970694,65.72525487107721,65.98481750488281,1403600,0.0,0.0
2021-03-05 00:00:00-05:00,66.23509838558869,67.95934371359247,66.10531708757122,67.54219055175781,1557800,0.0,0.0
2021-03-08 00:00:00-05:00,67.7924695822725,69.4796332440399,67.56071629316958,68.77510833740234,1387900,0.0,0.0
2021-03-09 00:00:00-05:00,68.74710466654095,70.11065186177328,68.74710466654095,69.78377532958984,2840900,0.55,0.0
2021-03-10 00:00:00-05:00,70.07329916527605,71.25006190121425,69.886514596246,71.15666961669922,3511700,0.0,0.0
2021-03-11 00:00:00-05:00,71.06326178618085,71.60494694770553,70.8484602697866,71.04458618164062,3332500,0.0,0.0
2021-03-12 00:00:00-05:00,71.31542584707164,72.84708187021029,70.97920797610233,72.19332885742188,1597800,0.0,0.0
2021-03-15 00:00:00-04:00,72.42681816837093,73.65027337460678,72.21200952033482,73.6129150390625,1596500,0.0,0.0
2021-03-16 00:00:00-04:00,73.2486764504028,73.94912917415698,73.09924311582259,73.3047103881836,1439500,0.0,0.0
2021-03-17 00:00:00-04:00,73.64093287442059,73.81838318899689,72.86576343486244,72.94982147216797,1335100,0.0,0.0
2021-03-18 00:00:00-04:00,73.06189933304714,73.65027711566474,72.4268218472836,73.3514175415039,1360900,0.0,0.0
2021-03-19 00:00:00-04:00,73.43547118926489,73.99583914637034,72.81907641197328,73.59424591064453,3001500,0.0,0.0
2021-03-22 00:00:00-04:00,73.36074639173036,73.63158182257402,72.55756008719052,72.81906127929688,1727600,0.0,0.0
2021-03-23 00:00:00-04:00,72.92179977839724,74.90174157964398,72.54822356813654,74.69628143310547,999300,0.0,0.0
2021-03-24 00:00:00-04:00,74.14527404249252,75.94777313091059,73.93980671758858,75.63957214355469,1568000,0.0,0.0
2021-03-25 00:00:00-04:00,76.02246984803885,76.99376513993728,75.42475076462037,76.19991302490234,913200,0.0,0.0
2021-03-26 00:00:00-04:00,76.0504895000424,76.45208269138749,75.02316023450523,76.07850646972656,1625700,0.0,0.0
2021-03-29 00:00:00-04:00,76.10653393023534,77.68488994349829,75.93842496358381,77.20858001708984,915700,0.0,0.0
2021-03-30 00:00:00-04:00,76.5548113507841,77.01243845173003,75.46210685193692,75.95709228515625,1064600,0.0,0.0
2021-03-31 00:00:00-04:00,75.77030640564922,76.21859930176498,75.47144685002999,75.98511505126953,1388000,0.0,0.0
2021-04-01 00:00:00-04:00,75.24729266961623,76.0504789407877,75.00446709044577,75.6769027709961,1111900,0.0,0.0
2021-04-05 00:00:00-04:00,75.61153615294978,76.94706630359507,75.61153615294978,76.10652160644531,1385600,0.0,0.0
2021-04-06 00:00:00-04:00,75.91973408460589,76.36801982191791,75.41540728609986,76.11585998535156,1011000,0.0,0.0
2021-04-07 00:00:00-04:00,76.19058601095483,76.48944558100577,75.4901332256441,75.92908477783203,1239100,0.0,0.0
2021-04-08 00:00:00-04:00,76.1252165926358,76.4053934532134,75.58353135332774,75.75164031982422,1395200,0.0,0.0
2021-04-09 00:00:00-04:00,75.74229716856986,76.09719782579585,74.9671276676942,75.20995330810547,1371800,0.0,0.0
2021-04-12 00:00:00-04:00,75.51814837952796,76.1719014466013,75.07919683790412,75.38739776611328,1664100,0.0,0.0
2021-04-13 00:00:00-04:00,76.04115104990031,77.00310504792434,75.4994658639963,76.8443374633789,1432100,0.0,0.0
2021-04-14 00:00:00-04:00,76.36802076122147,77.20856543573662,76.3586865220521,77.16187286376953,1279400,0.0,0.0
2021-04-15 00:00:00-04:00,77.32999425681187,78.21723164623124,77.32999425681187,78.05846405029297,1289600,0.0,0.0
2021-04-16 00:00:00-04:00,78.40400027714183,79.06710174961879,78.17051605103316,78.67484283447266,1306900,0.0,0.0
2021-04-19 00:00:00-04:00,78.8523044003808,78.90833834253897,78.10515191985934,78.25458526611328,1319800,0.0,0.0
2021-04-20 00:00:00-04:00,78.51607825502326,80.47734440380466,77.86232524722058,80.2158432006836,1364500,0.0,0.0
2021-04-21 00:00:00-04:00,80.46801956780894,80.84158868713645,79.41266614212351,79.45936584472656,1034600,0.0,0.0
2021-04-22 00:00:00-04:00,79.30059086378421,79.63680161476132,78.52542147523275,79.20719146728516,1308200,0.0,0.0
2021-04-23 00:00:00-04:00,79.17916870117188,79.56208624773575,78.74955858515075,79.17916870117188,962200,0.0,0.0
2021-04-26 00:00:00-04:00,79.32860780072062,79.38464173829871,78.59079674599043,78.63748931884766,808000,0.0,0.0
2021-04-27 00:00:00-04:00,78.46937837644876,78.59079473859809,77.91835900334243,77.9370346069336,735900,0.0,0.0
2021-04-28 00:00:00-04:00,78.22657398370815,78.36666597466524,77.79696377004778,78.12384033203125,630500,0.0,0.0
2021-04-29 00:00:00-04:00,78.16117506604876,78.9270029765705,78.16117506604876,78.5814437866211,1007800,0.0,0.0
2021-04-30 00:00:00-04:00,78.86162993471522,79.33793259819208,78.27324515867382,79.23519897460938,1347900,0.0,0.0
2021-05-03 00:00:00-04:00,79.3286056100329,80.11310921595596,79.02974607558029,79.53407287597656,1179800,0.0,0.0
2021-05-04 00:00:00-04:00,79.65548791740476,79.9076477732924,79.04842743979705,79.56209564208984,1082400,0.0,0.0
2021-05-05 00:00:00-04:00,79.4967157025179,79.4967157025179,77.95571831084685,78.77758026123047,908000,0.0,0.0
2021-05-06 00:00:00-04:00,79.0764492022612,79.61813440743977,78.7028729529872,79.52474212646484,970600,0.0,0.0
2021-05-07 00:00:00-04:00,79.39398376589797,80.3185793705238,79.20719209678886,79.365966796875,1198900,0.0,0.0
2021-05-10 00:00:00-04:00,79.59012248156782,81.04706210819224,79.53408853450526,80.16915893554688,983600,0.0,0.0
2021-05-11 00:00:00-04:00,80.16915494204481,80.38396360404215,77.05914990362237,77.88101196289062,1895000,0.0,0.0
2021-05-12 00:00:00-04:00,78.09580025428743,78.34796006310906,76.87233816228941,76.98441314697266,1244200,0.0,0.0
2021-05-13 00:00:00-04:00,76.77895168968394,78.29193203273407,76.6762180606598,77.99307250976562,959400,0.0,0.0
2021-05-14 00:00:00-04:00,78.18920732750813,79.13248569921724,78.1051492917252,78.17052459716797,759800,0.0,0.0
2021-05-17 00:00:00-04:00,78.27325315502355,78.83362102285703,77.7969504428879,77.89034271240234,954600,0.0,0.0
2021-05-18 00:00:00-04:00,77.72224337119918,78.70287301021031,77.60082699300663,78.38533782958984,1784100,0.0,0.0
2021-05-19 00:00:00-04:00,78.32930016162618,78.74022760375063,77.68488133993527,78.64683532714844,1251800,0.0,0.0
2021-05-20 00:00:00-04:00,78.79626196689598,79.56208997048415,78.73088666629846,78.91767120361328,1392200,0.0,0.0
2021-05-21 00:00:00-04:00,78.96437094696368,79.53407304909358,78.70286261904677,79.48737335205078,3299100,0.0,0.0
2021-05-24 00:00:00-04:00,79.70217846039691,80.12245437666002,79.01106709023757,79.06710815429688,1977900,0.0,0.0
2021-05-25 00:00:00-04:00,79.06711978430138,79.08579539148569,77.7315894213193,78.18921661376953,1278000,0.0,0.0
2021-05-26 00:00:00-04:00,78.23589388491828,78.74022068470279,77.92770011174999,78.39466857910156,1200600,0.0,0.0
2021-05-27 00:00:00-04:00,78.49741775554523,78.60948564966169,77.9744081232943,78.14251708984375,2156100,0.0,0.0
2021-05-28 00:00:00-04:00,78.45070477667167,78.8616393199071,78.30127144263204,78.63748931884766,1437800,0.0,0.0
2021-06-01 00:00:00-04:00,78.96437945982909,79.02041340202256,78.07713499797899,78.61882019042969,1791200,0.0,0.0
2021-06-02 00:00:00-04:00,78.71222282572822,79.98237793531057,78.32931229473468,79.59012603759766,1320400,0.0,0.0
2021-06-03 00:00:00-04:00,79.2445669068732,80.17850407047897,79.06712369104318,79.90766143798828,1117400,0.0,0.0
2021-06-04 00:00:00-04:00,80.34660253294497,80.51471148541478,79.96369205115903,80.43999481201172,1752700,0.0,0.0
2021-06-07 00:00:00-04:00,80.62678649551938,80.74819574576874,80.2718858595419,80.43999481201172,1437700,0.0,0.0
2021-06-08 00:00:00-04:00,80.36479011468127,80.684365954849,79.32145717809564,79.65983581542969,1398400,0.55,0.0
2021-06-09 00:00:00-04:00,79.83843497439437,80.41179843877018,79.61284441154156,80.23320770263672,1195100,0.0,0.0
2021-06-10 00:00:00-04:00,80.15799877636398,81.07914217470308,80.07340770640884,80.69376373291016,1483400,0.0,0.0
2021-06-11 00:00:00-04:00,80.56218565240874,80.67498093478196,80.12041309373883,80.63738250732422,1440800,0.0,0.0
2021-06-14 00:00:00-04:00,80.56218244224851,80.87236407803995,79.99822039518824,80.68437194824219,1227200,0.0,0.0
2021-06-15 00:00:00-04:00,80.73137719984489,81.56792251296547,80.27080900042463,80.96636199951172,2035800,0.0,0.0
2021-06-16 00:00:00-04:00,80.3366031237735,81.12614859538624,78.7199065815186,78.87030029296875,2084800,0.0,0.0
2021-06-17 00:00:00-04:00,78.83270855518623,79.91363297050694,78.52252687737209,79.41546630859375,1511000,0.0,0.0
2021-06-18 00:00:00-04:00,78.61651154330148,78.93609458985696,77.0092164244051,77.17840576171875,2955200,0.0,0.0
2021-06-21 00:00:00-04:00,77.40398558088296,78.64470494018025,77.27239467695495,78.38152313232422,1173300,0.0,0.0
2021-06-22 00:00:00-04:00,78.08074350056356,78.56011446637605,77.55437988079548,77.56377410888672,1486400,0.0,0.0
2021-06-23 00:00:00-04:00,77.53557737774698,77.64837265576988,76.65203946565028,76.78363037109375,1769800,0.0,0.0
2021-06-24 00:00:00-04:00,76.84942712811896,76.93401820969696,75.99407905705273,76.37005615234375,1649000,0.0,0.0
2021-06-25 00:00:00-04:00,76.25726396137459,76.86822586957503,76.13507444820128,76.83062744140625,1748000,0.0,0.0
2021-06-28 00:00:00-04:00,77.00921829437884,77.6389758319958,76.74603646798172,76.99981689453125,1250800,0.0,0.0
2021-06-29 00:00:00-04:00,76.73662524629236,76.9058145660591,74.71575480773566,75.11053466796875,1829800,0.0,0.0
2021-06-30 00:00:00-04:00,75.16693922280238,75.54291633829334,74.58417433523306,75.23273468017578,1370000,0.0,0.0
2021-07-01 00:00:00-04:00,75.24213365350025,76.28546670903478,75.0541415162342,75.85308837890625,1020300,0.0,0.0
2021-07-02 00:00:00-04:00,75.85308837890625,75.93768663346768,75.3831187924913,75.85308837890625,833900,0.0,0.0
2021-07-06 00:00:00-04:00,75.73091125988552,76.56745668689447,75.17635049933332,76.51106262207031,960400,0.0,0.0
2021-07-07 00:00:00-04:00,76.36065741569624,77.56377842564875,75.98468030729437,77.37579345703125,1018100,0.0,0.0
2021-07-08 00:00:00-04:00,77.15960572010515,77.72357497875102,76.86822686199392,77.13140869140625,1069300,0.0,0.0
2021-07-09 00:00:00-04:00,77.44158946219795,77.60137740377236,76.57684712655973,76.99981689453125,1294700,0.0,0.0
2021-07-12 00:00:00-04:00,76.81183486892508,78.15594825197587,76.64264552101773,77.90216064453125,1022900,0.0,0.0
2021-07-13 00:00:00-04:00,77.84576603983194,78.40033390953845,77.31940237055157,77.66717529296875,868200,0.0,0.0
2021-07-14 00:00:00-04:00,77.52618016679813,78.61650579440325,77.10320326886114,78.22173309326172,711200,0.0,0.0
2021-07-15 00:00:00-04:00,78.03375185626936,79.20867589583186,77.9397593673378,79.02069091796875,1462400,0.0,0.0
2021-07-16 00:00:00-04:00,79.15227840275428,80.32720239134373,78.86089954835751,79.95122528076172,808600,0.0,0.0
2021-07-19 00:00:00-04:00,79.70683063121221,80.40238348819662,77.98674052798832,78.93608093261719,1471100,0.0,0.0
2021-07-20 00:00:00-04:00,79.03946762587489,79.99820942849645,78.70109618095815,78.93608093261719,949100,0.0,0.0
2021-07-21 00:00:00-04:00,78.89848647411631,78.93608489680983,77.32878280411718,77.35698699951172,1210400,0.0,0.0
2021-07-22 00:00:00-04:00,77.34759852238815,77.7893710988801,76.97162140380986,77.53558349609375,735200,0.0,0.0
2021-07-23 00:00:00-04:00,77.49797805923635,78.40972015871358,77.30059170334432,78.38152313232422,552000,0.0,0.0
2021-07-26 00:00:00-04:00,78.11834804958723,78.48492376653998,77.64837844619477,78.24993896484375,651200,0.0,0.0
2021-07-27 00:00:00-04:00,78.3157177043685,80.09220185227146,77.836346803313,79.88541412353516,742900,0.0,0.0
2021-07-28 00:00:00-04:00,79.88542324539577,79.98881712157015,78.60710547739116,79.13347625732422,737000,0.0,0.0
2021-07-29 00:00:00-04:00,79.26508043186367,79.60345914306309,78.76691376569995,79.20867919921875,717600,0.0,0.0
2021-07-30 00:00:00-04:00,79.19927511898327,79.86663105774127,78.7762981970099,78.87969207763672,939700,0.0,0.0
2021-08-02 00:00:00-04:00,79.07708099700056,79.92302769714097,78.86089900045555,79.71623992919922,746100,0.0,0.0
2021-08-03 00:00:00-04:00,79.91361763713512,80.80656406819077,79.1804663001873,80.46818542480469,795600,0.0,0.0
2021-08-04 00:00:00-04:00,80.22379899226112,80.22379899226112,79.0300795167406,80.12980651855469,897400,0.0,0.0
2021-08-05 00:00:00-04:00,80.26140956930043,80.98516678588135,79.75384152902953,80.95696258544922,859300,0.0,0.0
2021-08-06 00:00:00-04:00,81.06035492406235,82.65825587314917,80.6091881221126,81.64311981201172,1396100,0.0,0.0
2021-08-09 00:00:00-04:00,81.64312308632242,82.53606249723609,81.64312308632242,82.44207000732422,1165100,0.0,0.0
2021-08-10 00:00:00-04:00,82.53605364240184,82.7146443738915,82.01909141776495,82.41386413574219,811200,0.0,0.0
2021-08-11 00:00:00-04:00,82.58305140712848,83.14701344318955,82.40446068009537,82.86503601074219,837700,0.0,0.0
2021-08-12 00:00:00-04:00,83.06242700227806,83.06242700227806,82.54545759051203,82.63945007324219,910400,0.0,0.0
2021-08-13 00:00:00-04:00,82.87443861591862,83.6169914540727,82.56425695482253,83.50419616699219,726100,0.0,0.0
2021-08-16 00:00:00-04:00,83.6733832009351,84.48173147476746,83.50419386057096,84.22795104980469,699900,0.0,0.0
2021-08-17 00:00:00-04:00,84.14335863322393,84.64153246026554,83.7673886695835,84.57573699951172,708100,0.0,0.0
2021-08-18 00:00:00-04:00,84.51932321422234,84.70731533928712,83.6075811283655,83.91776275634766,624600,0.0,0.0
2021-08-19 00:00:00-04:00,84.06815626152603,85.31826982726903,83.9459595877256,84.19034576416016,960000,0.0,0.0
2021-08-20 00:00:00-04:00,84.03057625748606,84.68853091000635,83.51360676538593,84.20915985107422,1589600,0.0,0.0
2021-08-23 00:00:00-04:00,84.10577791049806,84.10577791049806,82.22589917211667,82.29169464111328,1486300,0.0,0.0
2021-08-24 00:00:00-04:00,82.3292655193021,82.41386377058897,81.3987277821454,81.90629577636719,1166800,0.0,0.0
2021-08-25 00:00:00-04:00,81.72770835326023,82.45146553346936,81.26714016568783,82.09428405761719,788900,0.0,0.0
2021-08-26 00:00:00-04:00,82.00968759798508,82.50785418042004,81.5209224146054,82.35746765136719,908800,0.0,0.0
2021-08-27 00:00:00-04:00,82.62064848180394,82.99662555675424,82.2822698314653,82.73343658447266,911900,0.0,0.0
2021-08-30 00:00:00-04:00,82.79923956565784,83.42900427122474,82.53605774060512,83.17521667480469,741300,0.0,0.0
2021-08-31 00:00:00-04:00,83.20340879476066,83.48539340277789,82.02848487996636,82.45146179199219,1640200,0.0,0.0
2021-09-01 00:00:00-04:00,82.65825859824257,83.76738718208827,82.3668725590779,83.42900848388672,1402300,0.0,0.0
2021-09-02 00:00:00-04:00,83.67338685172335,83.85197759966846,83.10942474962538,83.63579559326172,1167100,0.0,0.0
2021-09-03 00:00:00-04:00,83.51359959579975,83.74858440455054,82.78044813988402,82.81804656982422,788000,0.0,0.0
2021-09-07 00:00:00-04:00,82.32619781202642,82.50591033973147,81.16280743280703,81.47493743896484,1251500,0.55,0.0
2021-09-08 00:00:00-04:00,81.57899132381772,83.89630471261805,81.25740803919268,83.64093017578125,1198900,0.0,0.0
2021-09-09 00:00:00-04:00,83.68822407198313,83.78280696519735,82.95992064018805,83.12071228027344,946800,0.0,0.0
2021-09-10 00:00:00-04:00,83.0261325470126,83.23421924973091,82.26000170174284,82.29783630371094,1288400,0.0,0.0
2021-09-13 00:00:00-04:00,82.92206913613943,83.15852992907894,81.2290089927472,81.4276351928711,1167600,0.0,0.0
2021-09-14 00:00:00-04:00,81.79653815328358,82.20325109272537,81.1060693151755,81.27632141113281,781900,0.0,0.0
2021-09-15 00:00:00-04:00,80.95473018951999,81.46548647283645,80.44398112241574,80.71826934814453,893400,0.0,0.0
2021-09-16 00:00:00-04:00,80.96419453163081,81.52224589650497,80.31156748511957,80.44398498535156,1228900,0.0,0.0
2021-09-17 00:00:00-04:00,80.04671190282323,80.77501524870493,78.95899793485223,79.07249450683594,1764100,0.0,0.0
2021-09-20 00:00:00-04:00,78.88333086922366,79.7156703564578,78.24015715120268,78.9211654663086,1092000,0.0,0.0
2021-09-21 00:00:00-04:00,79.12926589122146,79.6778496037431,78.36312779550174,78.42933654785156,991600,0.0,0.0
2021-09-22 00:00:00-04:00,78.88333678046722,79.32788430926374,78.16449381440877,79.04412841796875,1057500,0.0,0.0
2021-09-23 00:00:00-04:00,78.90223821481808,79.65891566324645,78.7036120082531,78.7981948852539,1214200,0.0,0.0
2021-09-24 00:00:00-04:00,78.80766758062695,79.33733754708472,78.64687594312542,79.04412841796875,823800,0.0,0.0
2021-09-27 00:00:00-04:00,79.11978321099335,79.69674812634554,77.64426294763182,77.74830627441406,1068500,0.0,0.0
2021-09-28 00:00:00-04:00,77.40781153267359,77.80507119952756,76.54709788961519,77.01055908203125,1084300,0.0,0.0
2021-09-29 00:00:00-04:00,76.99164192806927,78.40094634883714,76.95380733215595,77.88072967529297,955100,0.0,0.0
2021-09-30 00:00:00-04:00,77.80506866753898,77.87127740715809,76.44305206256139,76.6133041381836,1509700,0.0,0.0
2021-10-01 00:00:00-04:00,77.08622280519802,77.09568325798317,76.10254498566488,76.24442291259766,917400,0.0,0.0
2021-10-04 00:00:00-04:00,75.98904903364738,77.82398738770712,75.92284028974892,77.4267349243164,1109100,0.0,0.0
2021-10-05 00:00:00-04:00,77.32268695008014,77.92802606266766,77.11460027708854,77.19026947021484,1033000,0.0,0.0
2021-10-06 00:00:00-04:00,77.12407476026725,78.61850912341939,76.65115304151374,78.47663116455078,939900,0.0,0.0
2021-10-07 00:00:00-04:00,78.72254017935622,79.36571390502104,78.08881969091632,78.24015808105469,787200,0.0,0.0
2021-10-08 00:00:00-04:00,78.1171930569396,78.31582649607064,77.56860943868115,77.69156646728516,604200,0.0,0.0
2021-10-11 00:00:00-04:00,77.74830971423987,77.8145184509205,76.72680452205442,76.8686752319336,718400,0.0,0.0
2021-10-12 00:00:00-04:00,76.8875999139211,77.53077362307174,76.61330450099685,77.19026947021484,844100,0.0,0.0
2021-10-13 00:00:00-04:00,77.26594192317549,78.23069891949865,76.85922901322681,78.12665557861328,745500,0.0,0.0
2021-10-14 00:00:00-04:00,78.44825341465449,79.38463635425983,78.12666290823489,79.35626220703125,1747600,0.0,0.0
2021-10-15 00:00:00-04:00,79.58324819095213,79.72512611761768,78.59957037327185,78.67523956298828,1007600,0.0,0.0
2021-10-18 00:00:00-04:00,78.12665471808891,78.73199384954806,77.6631935241118,78.20232391357422,1253900,0.0,0.0
2021-10-19 00:00:00-04:00,78.54282586137971,79.14816497576244,78.36311333122465,78.98737335205078,666400,0.0,0.0
2021-10-20 00:00:00-04:00,79.29950112213119,80.17913570544688,79.28058743071244,79.7818832397461,575000,0.0,0.0
2021-10-21 00:00:00-04:00,79.91429901123047,80.17913398267393,79.63055034877465,79.91429901123047,581100,0.0,0.0
2021-10-22 00:00:00-04:00,80.0561751564329,80.85068726916933,80.00888010564431,80.66151428222656,412900,0.0,0.0
2021-10-25 00:00:00-04:00,80.55747781988283,80.71826946035073,79.9332249502142,80.14131164550781,515200,0.0,0.0
2021-10-26 00:00:00-04:00,80.20752028104029,81.16281688452435,79.98051267764706,80.71826934814453,585700,0.0,0.0
2021-10-27 00:00:00-04:00,80.97365427865995,81.0493234827634,79.73460173036884,79.88593292236328,649800,0.0,0.0
2021-10-28 00:00:00-04:00,79.5832590373057,80.33993660517493,79.53596398323434,80.21697235107422,528100,0.0,0.0
2021-10-29 00:00:00-04:00,80.12238827317846,80.67097914095284,79.26167458827423,79.72513580322266,814200,0.0,0.0
2021-11-01 00:00:00-04:00,79.86700610795265,79.99942358527235,79.00628528916322,79.71566772460938,911000,0.0,0.0
2021-11-02 00:00:00-04:00,79.99942315184286,80.26425810504743,79.01574531407496,79.7629623413086,919800,0.0,0.0
2021-11-03 00:00:00-04:00,79.77242492920078,80.44398006010553,78.9495458304566,79.63055419921875,966000,0.0,0.0
2021-11-04 00:00:00-04:00,79.47921365440673,80.40614329048036,78.57120492596158,79.8008041381836,1364900,0.0,0.0
2021-11-05 00:00:00-04:00,80.14130225667883,81.21010253813162,79.95212927575044,80.86959838867188,730000,0.0,0.0
2021-11-08 00:00:00-05:00,80.92634646482719,80.92634646482719,77.70102472264055,78.48607635498047,1432500,0.0,0.0
2021-11-09 00:00:00-05:00,78.62796149494768,79.39409957790343,78.45770938942559,78.54283905029297,1433700,0.0,0.0
2021-11-10 00:00:00-05:00,78.93062195298799,79.92376032277346,78.88333411684363,79.84809112548828,1058100,0.0,0.0
2021-11-11 00:00:00-05:00,79.56433869217574,79.77241815053853,78.84549578443136,79.54541778564453,657000,0.0,0.0
2021-11-12 00:00:00-05:00,79.72514040400213,80.12239289688259,79.15763581185686,79.97106170654297,751200,0.0,0.0
2021-11-15 00:00:00-05:00,80.42506263964732,81.18174024135507,80.11293258772695,81.14390563964844,794500,0.0,0.0
2021-11-16 00:00:00-05:00,81.24793374647884,81.53168238172276,80.4817958340348,80.52909088134766,691100,0.0,0.0
2021-11-17 00:00:00-05:00,80.28317297596374,81.09659875346644,79.87646008721238,80.86013793945312,578000,0.0,0.0
2021-11-18 00:00:00-05:00,80.76556029798857,81.06822987091746,79.69675994712975,79.84809112548828,870100,0.0,0.0
2021-11-19 00:00:00-05:00,80.24534723504766,80.8790677708566,79.98997270286507,80.756103515625,993600,0.0,0.0
2021-11-22 00:00:00-05:00,80.6236753795103,82.0613611386561,80.44397007177548,81.60735321044922,896600,0.0,0.0
2021-11-23 00:00:00-05:00,81.90055933594891,81.90055933594891,80.94526289831755,81.24793243408203,731400,0.0,0.0
2021-11-24 00:00:00-05:00,81.34251701512402,81.56951736765038,80.78447297845275,81.11551666259766,635700,0.0,0.0
2021-11-26 00:00:00-05:00,80.50071676716779,81.21955963254653,79.8102480437021,79.93321228027344,644800,0.0,0.0
2021-11-29 00:00:00-05:00,80.2831776646171,80.75609932026302,79.55488149005555,80.48180389404297,1068000,0.0,0.0
2021-11-30 00:00:00-05:00,80.03726764071396,80.33047677283183,77.02948547028399,77.17135620117188,3378200,0.0,0.0
2021-12-01 00:00:00-05:00,77.5496876750459,79.67783503222442,77.40780974132505,77.7672348022461,1372500,0.0,0.0
2021-12-02 00:00:00-05:00,77.8334392459141,79.40353523477427,77.8334392459141,78.7225341796875,1263500,0.0,0.0
2021-12-03 00:00:00-05:00,79.15762236156597,80.4345092809801,78.40094488980367,80.425048828125,1273500,0.0,0.0
2021-12-06 00:00:00-05:00,81.24795488529435,82.65725962411045,81.1155373778197,81.2857894897461,1244600,0.0,0.0
2021-12-07 00:00:00-05:00,81.28578092715891,82.78031954012742,80.97164043370056,82.37098693847656,1202500,0.55,0.0
2021-12-08 00:00:00-05:00,82.58040620481887,83.29435784347724,82.19963054499607,82.61848449707031,1052600,0.0,0.0
2021-12-09 00:00:00-05:00,82.63751224526703,83.0468447701349,82.08539521624023,82.53279876708984,1164100,0.0,0.0
2021-12-10 00:00:00-05:00,82.86598930299574,83.56089816030524,82.54232745201021,83.0468521118164,756500,0.0,0.0
2021-12-13 00:00:00-05:00,83.0944437804317,84.19868509232292,82.98973030309405,83.73223876953125,940400,0.0,0.0
2021-12-14 00:00:00-05:00,83.91311717239824,84.09397998177444,82.92310336441858,82.99925994873047,1521300,0.0,0.0
2021-12-15 00:00:00-05:00,83.42761950084866,84.19868486581439,83.24674944726277,84.17964935302734,1282900,0.0,0.0
2021-12-16 00:00:00-05:00,84.0273438181094,85.10303558671995,83.85599513672754,84.39860534667969,1442800,0.0,0.0
2021-12-17 00:00:00-05:00,84.15109386594841,84.43667013869606,81.9426039483213,82.25674438476562,2589200,0.0,0.0
2021-12-20 00:00:00-05:00,81.70463515196995,82.44714376576303,80.79077783786369,82.24723815917969,1503300,0.0,0.0
2021-12-21 00:00:00-05:00,82.64704109803864,83.53234141724185,82.08540263044203,82.98973846435547,2172300,0.0,0.0
2021-12-22 00:00:00-05:00,82.78984045136308,83.20869444022058,82.34242955648206,82.8755111694336,1054800,0.0,0.0
2021-12-23 00:00:00-05:00,82.87550352401624,83.57994103350771,82.6660765489075,82.8374252319336,922200,0.0,0.0
2021-12-27 00:00:00-05:00,83.00877385248569,83.36099260696635,82.66607648669144,83.34195709228516,909300,0.0,0.0
2021-12-28 00:00:00-05:00,83.23725031631925,84.18918590634964,83.23725031631925,84.1701431274414,780500,0.0,0.0
2021-12-29 00:00:00-05:00,83.81793149236809,84.80793811347363,83.81793149236809,84.6365966796875,1112800,0.0,0.0
2021-12-30 00:00:00-05:00,84.76985904309856,85.15062743233008,84.34148371117587,84.77937316894531,921200,0.0,0.0
2021-12-31 00:00:00-05:00,84.67465993715007,85.16014907637582,84.18917806061583,84.73178100585938,726100,0.0,0.0
2022-01-03 00:00:00-05:00,84.96024377542881,84.96024377542881,83.18964315606841,84.32244873046875,1134800,0.0,0.0
2022-01-04 00:00:00-05:00,84.30340622027171,85.15062824093272,83.77032466013216,83.87503814697266,996900,0.0,0.0
2022-01-05 00:00:00-05:00,83.87504566380031,84.80793847764976,83.57042656460771,84.08447265625,1135800,0.0,0.0
2022-01-06 00:00:00-05:00,83.96070904674725,84.57946858056319,83.45618438865924,83.67513275146484,865500,0.0,0.0
2022-01-07 00:00:00-05:00,83.41810568721372,84.44619777564284,83.07540832440402,83.99878692626953,822800,0.0,0.0
2022-01-10 00:00:00-05:00,84.05590871104486,84.2462929085865,82.71367615149407,83.30387878417969,1321100,0.0,0.0
2022-01-11 00:00:00-05:00,83.29435773078633,83.75128997449382,82.19963043378624,82.78983306884766,1591700,0.0,0.0
2022-01-12 00:00:00-05:00,82.66608374091288,83.74177561343153,82.21868011107352,83.49427032470703,1057100,0.0,0.0
2022-01-13 00:00:00-05:00,83.57041856155251,85.19822739785445,83.25627810296139,84.5889892578125,1739500,0.0,0.0
2022-01-14 00:00:00-05:00,84.3319552581874,84.72225226595366,83.60848956909872,83.85598754882812,1952300,0.0,0.0
2022-01-18 00:00:00-05:00,83.46571366543147,83.7512972503952,82.29482968231088,83.40859985351562,1202700,0.0,0.0
2022-01-19 00:00:00-05:00,83.61800411370466,84.08445770035465,83.03733018704838,83.42761993408203,929900,0.0,0.0
2022-01-20 00:00:00-05:00,83.63706189580805,84.77938170388562,83.45619180883041,83.65609741210938,956200,0.0,0.0
2022-01-21 00:00:00-05:00,84.33195572100102,84.68417444242858,83.25627130651438,83.50377655029297,1157900,0.0,0.0
2022-01-24 00:00:00-05:00,83.25628758175054,83.89408269742486,80.2386534409998,82.24723815917969,1937900,0.0,0.0
2022-01-25 00:00:00-05:00,81.52375788325983,82.78031248734399,81.2191388053816,81.84741973876953,1211000,0.0,0.0
2022-01-26 00:00:00-05:00,81.95212617759593,82.7898340909532,80.70509295909216,81.46664428710938,1481500,0.0,0.0
2022-01-27 00:00:00-05:00,82.1425093832209,82.99925272543956,81.64749889096522,82.17106628417969,1865300,0.0,0.0
2022-01-28 00:00:00-05:00,82.01876716906047,83.43714904785156,81.31432966130835,83.43714904785156,2766500,0.0,0.0
2022-01-31 00:00:00-05:00,82.91358069271784,84.5604323051941,82.62800440000466,84.4747543334961,2207800,0.0,0.0
2022-02-01 00:00:00-05:00,84.36053516531831,84.82698157398822,82.7803185892436,83.38003540039062,2278300,0.0,0.0
2022-02-02 00:00:00-05:00,83.34194859112571,84.52234647362826,83.25627062707079,84.30339813232422,1292700,0.0,0.0
2022-02-03 00:00:00-05:00,84.51282564170226,84.90312265099203,83.66560369675085,83.77983856201172,917200,0.0,0.0
2022-02-04 00:00:00-05:00,83.09445968108986,83.70369788616821,82.13300268823183,82.70416259765625,807100,0.0,0.0
2022-02-07 00:00:00-05:00,82.50424163865533,83.41809877620629,82.24722226918732,83.16107940673828,1277200,0.0,0.0
2022-02-08 00:00:00-05:00,83.4847338882312,83.67512533089321,82.97069514977109,83.18963623046875,855300,0.0,0.0
2022-02-09 00:00:00-05:00,83.69417592851413,83.99879502898573,83.16109431836188,83.49427032470703,975800,0.0,0.0
2022-02-10 00:00:00-05:00,82.78983389673532,83.21820197855777,81.26673850696565,81.44760131835938,1110000,0.0,0.0
2022-02-11 00:00:00-05:00,81.66654974717527,82.16155302571774,81.18106059476645,81.59991455078125,1349800,0.0,0.0
2022-02-14 00:00:00-05:00,82.06635343208576,82.30433729214727,80.09584736128416,81.03826141357422,1324600,0.0,0.0
2022-02-15 00:00:00-05:00,81.52375874132659,81.91405579727105,79.92450674996027,80.3243179321289,958400,0.0,0.0
2022-02-16 00:00:00-05:00,80.35287460053787,80.80027816015209,79.52468814673715,80.40998840332031,803300,0.0,0.0
2022-02-17 00:00:00-05:00,80.2957611686655,80.95259901387247,79.53421709596685,80.44807434082031,1055200,0.0,0.0
2022-02-18 00:00:00-05:00,79.52469540468822,81.32385298344882,79.48661711179429,80.60037994384766,1379500,0.0,0.0
2022-02-22 00:00:00-05:00,81.19057474629054,81.68557798070856,79.9435416409233,80.8383560180664,970400,0.0,0.0
2022-02-23 00:00:00-05:00,80.82885055854427,81.11442686424016,79.62940973908442,79.73412322998047,876000,0.0,0.0
2022-02-24 00:00:00-05:00,79.28672026486664,79.65797458315973,77.83977402609496,79.24864196777344,1259700,0.0,0.0
2022-02-25 00:00:00-05:00,80.05778350974111,81.92357643757676,79.95307001141478,81.89501953125,1334000,0.0,0.0
2022-02-28 00:00:00-05:00,81.2191385208051,82.03780365148909,80.93355495886728,81.81885528564453,1519200,0.0,0.0
2022-03-01 00:00:00-05:00,81.77127162209209,82.22819665488403,79.97211387225235,80.7146224975586,1213800,0.0,0.0
2022-03-02 00:00:00-05:00,80.77173520673422,82.10444651576039,80.6575075814441,81.85694122314453,1297000,0.0,0.0
2022-03-03 00:00:00-05:00,81.9997171768412,83.43714170649827,81.9997171768412,83.10396575927734,908700,0.0,0.0
2022-03-04 00:00:00-05:00,82.84694492042597,85.29341885066879,82.6470393381133,85.2172622680664,1158200,0.0,0.0
2022-03-07 00:00:00-05:00,85.27438344905762,85.53140283731601,84.13205649658659,85.26486206054688,1787800,0.0,0.0
2022-03-08 00:00:00-05:00,85.7344066899222,85.87814527993393,84.067058053992,84.08621978759766,1616500,0.59,0.0
2022-03-09 00:00:00-05:00,84.88155670863044,84.88155670863044,83.0033926761343,83.11837768554688,1930900,0.0,0.0
2022-03-10 00:00:00-05:00,82.81175260173251,84.04789283473526,82.62969053622345,83.89457702636719,983000,0.0,0.0
2022-03-11 00:00:00-05:00,83.72208163629755,84.8336448673349,83.61667383281367,83.83706665039062,933100,0.0,0.0
2022-03-14 00:00:00-04:00,84.46952125734079,84.90072972163244,83.31961983448224,83.7316665649414,791700,0.0,0.0
2022-03-15 00:00:00-04:00,84.5653399518001,84.80490182135193,83.88498511957464,84.76657104492188,1262100,0.0,0.0
2022-03-16 00:00:00-04:00,84.68033638949893,84.94864452667872,83.24296510245141,84.25870513916016,1189400,0.0,0.0
2022-03-17 00:00:00-04:00,84.48867761193546,85.41817882687407,84.2107849685421,84.91030883789062,1319700,0.0,0.0
2022-03-18 00:00:00-04:00,84.87198438190553,85.30319285085338,83.9903983991219,84.18204498291016,2223300,0.0,0.0
2022-03-21 00:00:00-04:00,84.39285951867672,85.897307845562,84.39285951867672,85.72482299804688,1362200,0.0,0.0
2022-03-22 00:00:00-04:00,86.07937833455063,86.07937833455063,84.70908405893373,84.8815689086914,1149500,0.0,0.0
2022-03-23 00:00:00-04:00,85.07321467964923,85.8493928407184,84.56534465767318,85.40859985351562,1530000,0.0,0.0
2022-03-24 00:00:00-04:00,85.3223574067768,86.26143585312059,85.13070352222326,85.81106567382812,893100,0.0,0.0
2022-03-25 00:00:00-04:00,86.23269153519436,87.37300841364635,85.82064481270865,86.98970794677734,1675500,0.0,0.0
2022-03-28 00:00:00-04:00,86.99929290026313,88.15877151792535,86.22311475137026,87.96712493896484,1838000,0.0,0.0
2022-03-29 00:00:00-04:00,88.17793735866621,88.59956862503623,87.60299028415628,88.54207611083984,1533700,0.0,0.0
2022-03-30 00:00:00-04:00,88.7049767986459,89.95070155747177,88.32167631048036,89.90278625488281,1752900,0.0,0.0
2022-03-31 00:00:00-04:00,89.75905267977417,90.77480012686891,89.75905267977417,89.84529876708984,1512800,0.0,0.0
2022-04-01 00:00:00-04:00,89.8069660124656,90.8897831657956,89.22243439308994,90.83229064941406,1246300,0.0,0.0
2022-04-04 00:00:00-04:00,90.28607430038039,90.86102129796872,89.31824234608393,90.448974609375,1019400,0.0,0.0
2022-04-05 00:00:00-04:00,90.61187448189195,91.81926828860482,90.5064666799096,90.97601318359375,1409200,0.0,0.0
2022-04-06 00:00:00-04:00,91.24432840251191,93.42913153954713,91.11017433696401,93.07457733154297,1735800,0.0,0.0
2022-04-07 00:00:00-04:00,92.95000839391004,93.0650007269213,91.92468385148332,92.75836181640625,1314100,0.0,0.0
2022-04-08 00:00:00-04:00,93.17999017344788,93.44829831903229,92.38465025927941,93.01708984375,1352300,0.0,0.0
2022-04-11 00:00:00-04:00,93.14165324413433,93.53453822483398,92.21215931854495,92.45172119140625,1097100,0.0,0.0
2022-04-12 00:00:00-04:00,92.23132545017765,93.16082673094377,91.80011698280194,92.71044921875,847600,0.0,0.0
2022-04-13 00:00:00-04:00,92.71045466831752,92.97876282475356,91.79053785588725,92.23133087158203,1132300,0.0,0.0
2022-04-14 00:00:00-04:00,92.56671606712708,92.88293952757626,92.14509209737713,92.23133087158203,795300,0.0,0.0
2022-04-18 00:00:00-04:00,92.52838277787322,92.95001404704274,91.6276350358048,92.06842803955078,758600,0.0,0.0
2022-04-19 00:00:00-04:00,92.5092149099231,92.77752304129712,92.19299147901161,92.58587646484375,1111300,0.0,0.0
2022-04-20 00:00:00-04:00,93.44830227312984,94.51195768873805,93.14166333508012,94.39697265625,1253300,0.0,0.0
2022-04-21 00:00:00-04:00,94.37779727312649,95.05815214277682,93.58245737870897,93.72618865966797,1182900,0.0,0.0
2022-04-22 00:00:00-04:00,93.61119978274216,93.89866964367907,92.64336776930378,92.83501434326172,1111100,0.0,0.0
2022-04-25 00:00:00-04:00,93.06500922967761,93.39080990337004,90.88019856794132,91.91510772705078,1397900,0.0,0.0
2022-04-26 00:00:00-04:00,91.75218760353576,92.6625196998063,90.93767878410726,90.95684051513672,884300,0.0,0.0
2022-04-27 00:00:00-04:00,90.97602635172264,91.69471202698267,89.85487114207191,90.39149475097656,1038400,0.0,0.0
2022-04-28 00:00:00-04:00,90.68855110262312,91.64679869019172,90.08485775436053,91.46472930908203,1155400,0.0,0.0
2022-04-29 00:00:00-04:00,90.97602803763719,91.03352055325182,88.90620974532422,89.02120208740234,1537500,0.0,0.0
2022-05-02 00:00:00-04:00,89.51948510724722,90.09443217983568,87.11428900065316,88.15877532958984,1254500,0.0,0.0
2022-05-03 00:00:00-04:00,88.75288740988441,89.90278150275059,88.06294802982536,88.56123352050781,1174000,0.0,0.0
2022-05-04 00:00:00-04:00,88.82953812198191,90.12317806356795,88.61872981832416,89.94110870361328,1136300,0.0,0.0
2022-05-05 00:00:00-04:00,89.53864436778902,90.04651434825678,88.68580471929637,89.35657501220703,1272300,0.0,0.0
2022-05-06 00:00:00-04:00,88.74330069279928,89.50031708770463,87.89046101099984,88.78163146972656,1800600,0.0,0.0
2022-05-09 00:00:00-04:00,88.34084738711132,89.48115704429131,87.3634307542726,88.81038665771484,1699100,0.0,0.0
2022-05-10 00:00:00-04:00,88.81038083569545,90.00819024095092,87.07595515635703,89.01161193847656,2522800,0.0,0.0
2022-05-11 00:00:00-04:00,88.8966230962591,90.89936430217163,88.80079980224363,89.51948547363281,1635800,0.0,0.0
2022-05-12 00:00:00-04:00,89.63447185734574,89.84528747668173,87.37300717676585,88.74330139160156,1439100,0.0,0.0
2022-05-13 00:00:00-04:00,89.20325832364684,89.40449673683571,87.77547156274635,89.22242736816406,1413500,0.0,0.0
2022-05-16 00:00:00-04:00,89.47157054955579,89.57697835806016,88.27376119004992,89.09785461425781,1196600,0.0,0.0
2022-05-17 00:00:00-04:00,89.54823032820119,89.99860784495348,88.20668961129893,89.59614562988281,1389200,0.0,0.0
2022-05-18 00:00:00-04:00,89.96027098711266,89.9794400308295,88.44624552164814,88.92536926269531,1414800,0.0,0.0
2022-05-19 00:00:00-04:00,88.65705210268757,88.92536753356909,87.56465057920927,88.61872863769531,1392400,0.0,0.0
2022-05-20 00:00:00-04:00,88.97328005046651,89.08827238384221,87.9671245491105,88.77204895019531,2045300,0.0,0.0
2022-05-23 00:00:00-04:00,89.71114886512665,89.96028799375935,88.50375476239708,89.33743286132812,1176300,0.0,0.0
2022-05-24 00:00:00-04:00,89.54822952607651,91.80969430123847,89.0786902793666,91.52222442626953,1415500,0.0,0.0
2022-05-25 00:00:00-04:00,91.71386737761698,91.71386737761698,90.97602001914952,91.5030517578125,1278700,0.0,0.0
2022-05-26 00:00:00-04:00,92.29840360198709,92.65295782692556,91.83844156181958,91.86719512939453,1164800,0.0,0.0
2022-05-27 00:00:00-04:00,91.62763591872766,92.6912913137647,91.30182794099842,92.51880645751953,1116300,0.0,0.0
2022-05-31 00:00:00-04:00,91.51264584734608,92.020515905873,90.60231355121469,91.21559143066406,1581300,0.0,0.0
2022-06-01 00:00:00-04:00,91.34014938016182,91.34014938016182,90.15192455357341,90.42981719970703,1312100,0.0,0.0
2022-06-02 00:00:00-04:00,90.79394949942385,90.95684981780079,88.9924468536625,90.18067169189453,2610500,0.0,0.0
2022-06-03 00:00:00-04:00,90.19026325615044,90.64063346962098,89.35658524448404,89.41407775878906,1615100,0.0,0.0
2022-06-06 00:00:00-04:00,89.7207121592175,90.10401262722344,89.00202652327451,89.26075744628906,1713800,0.0,0.0
2022-06-07 00:00:00-04:00,88.8460805299525,90.74586227657792,88.6724962242342,90.37940979003906,2733600,0.59,0.0
2022-06-08 00:00:00-04:00,90.10938864830896,90.10938864830896,88.7689349673356,89.04859161376953,2412400,0.0,0.0
2022-06-09 00:00:00-04:00,89.09683009958651,89.40542365549108,86.67629502697363,86.73416137695312,1094200,0.0,0.0
2022-06-10 00:00:00-04:00,85.85658348374068,86.78236403715464,85.49013098055072,86.05909729003906,970700,0.0,0.0
2022-06-13 00:00:00-04:00,85.08510802154488,85.34548082746925,82.09559941733437,82.5295639038086,1563200,0.0,0.0
2022-06-14 00:00:00-04:00,82.51026420181385,82.90565353619512,79.63648858452098,80.33082580566406,1544000,0.0,0.0
2022-06-15 00:00:00-04:00,80.86121019197202,81.57483122826036,79.39539301507585,80.29224395751953,1263900,0.0,0.0
2022-06-16 00:00:00-04:00,79.2314641326382,79.49183692216515,78.30567622944292,79.07716369628906,1332500,0.0,0.0
2022-06-17 00:00:00-04:00,79.27967821009014,79.69435143967561,77.71741938660423,78.48890686035156,2183300,0.0,0.0
2022-06-21 00:00:00-04:00,78.73963596471945,79.99329382632088,78.55640604690991,79.51111602783203,1576300,0.0,0.0
2022-06-22 00:00:00-04:00,79.17359871598353,80.84193725562845,79.17359871598353,80.31153869628906,1554700,0.0,0.0
2022-06-23 00:00:00-04:00,80.46583989397527,82.33668490081833,80.36939844049425,82.26918029785156,1682600,0.0,0.0
2022-06-24 00:00:00-04:00,82.63564877609332,85.35513176933432,82.26918887255012,84.77651977539062,3015300,0.0,0.0
2022-06-27 00:00:00-04:00,84.46789832836062,86.05908644294772,84.25574628953805,85.79871368408203,1748500,0.0,0.0
2022-06-28 00:00:00-04:00,86.17481435260292,87.17774502863207,85.88550473852656,86.40625762939453,1628100,0.0,0.0
2022-06-29 00:00:00-04:00,86.58949429585988,87.04274262645527,85.7697934686415,86.44483947753906,1302400,0.0,0.0
2022-06-30 00:00:00-04:00,85.68299635198805,87.70814170581387,85.68299635198805,87.13917541503906,2035200,0.0,0.0
2022-07-01 00:00:00-04:00,87.48634200083215,89.11610533396323,87.12952777692168,88.90394592285156,2232100,0.0,0.0
2022-07-05 00:00:00-04:00,88.47963231675992,88.74965072592971,83.68678348164644,84.85365295410156,1883500,0.0,0.0
2022-07-06 00:00:00-04:00,85.23939247502523,86.30982779945803,84.47755065401317,85.35511779785156,1551700,0.0,0.0
2022-07-07 00:00:00-04:00,85.3551219710164,86.22304354102448,84.85365290503404,85.09474182128906,1269600,0.0,0.0
2022-07-08 00:00:00-04:00,84.9693762615477,85.29725364846922,84.31361413025496,84.62220764160156,1250000,0.0,0.0
2022-07-11 00:00:00-04:00,84.17859907794156,85.33582282569459,83.80250099204936,84.78614044189453,1536600,0.0,0.0
2022-07-12 00:00:00-04:00,84.29433352783363,85.60585048389571,84.17860819754141,84.40040588378906,1283800,0.0,0.0
2022-07-13 00:00:00-04:00,83.8603641540133,84.8825787607509,83.60962963176556,83.97608947753906,748100,0.0,0.0
2022-07-14 00:00:00-04:00,82.51027115567547,84.09181391159206,82.3945531806987,83.9471664428711,887400,0.0,0.0
2022-07-15 00:00:00-04:00,84.6607827502011,84.7475712264628,83.28175388692887,84.62220764160156,861100,0.0,0.0
2022-07-18 00:00:00-04:00,84.28469437378706,84.58364230315246,83.2817635067009,83.3396224975586,894800,0.0,0.0
2022-07-19 00:00:00-04:00,83.59999205774538,83.90858556555925,83.27210731712778,83.38783264160156,1374200,0.0,0.0
2022-07-20 00:00:00-04:00,83.47461619676712,83.59998713025325,82.12452427806365,82.78992462158203,1788100,0.0,0.0
2022-07-21 00:00:00-04:00,82.5681277870203,83.26245762754786,82.25953429430275,83.23352813720703,885100,0.0,0.0
2022-07-22 00:00:00-04:00,83.66750494957854,84.47756022882736,83.48427500703166,84.3136215209961,662300,0.0,0.0
2022-07-25 00:00:00-04:00,84.1689528421371,85.22010423768373,83.9953685455078,85.13330841064453,658600,0.0,0.0
2022-07-26 00:00:00-04:00,84.97901262466948,86.37732521125396,84.97901262466948,86.21338653564453,652300,0.0,0.0
2022-07-27 00:00:00-04:00,85.96266169884315,86.36768930438936,85.51905898456164,86.20375061035156,646000,0.0,0.0
2022-07-28 00:00:00-04:00,87.0330983215663,88.96180964171182,86.82093889915834,88.77857971191406,985100,0.0,0.0
2022-07-29 00:00:00-04:00,88.82678774184947,90.23474592142169,88.69177855733219,89.80078887939453,1002700,0.0,0.0
2022-08-01 00:00:00-04:00,89.78151881706539,90.04189898963196,88.96181790138823,89.7043685913086,1197600,0.0,0.0
2022-08-02 00:00:00-04:00,90.21548137520179,90.58193390347579,89.16432980490089,89.2318344116211,1352300,0.0,0.0
2022-08-03 00:00:00-04:00,88.89430732294568,89.25112157501886,87.11988903696415,89.0100326538086,1610800,0.0,0.0
2022-08-04 00:00:00-04:00,88.95216530113134,89.54042285081084,88.21926028632566,88.32533264160156,1546700,0.0,0.0
2022-08-05 00:00:00-04:00,88.19031701025115,89.69471675500114,86.22303805337312,88.04566955566406,1580300,0.0,0.0
2022-08-08 00:00:00-04:00,88.85572819252916,89.20289681196087,88.1999660622081,88.61463928222656,1246100,0.0,0.0
2022-08-09 00:00:00-04:00,88.96180792488875,90.27333218587333,88.81715310717948,90.12867736816406,1056900,0.0,0.0
2022-08-10 00:00:00-04:00,90.51442306980347,90.82301658750193,89.80080193964764,90.60121154785156,1508000,0.0,0.0
2022-08-11 00:00:00-04:00,90.55298878152576,91.34376004840169,89.85865159940073,90.67835235595703,1318900,0.0,0.0
2022-08-12 00:00:00-04:00,91.18946422520011,91.67164203071822,90.87123246521972,91.44984436035156,1740800,0.0,0.0
2022-08-15 00:00:00-04:00,91.46913185263946,92.68422203068431,91.14125446349627,92.56849670410156,1046600,0.0,0.0
2022-08-16 00:00:00-04:00,92.3852600790896,93.40747455731855,92.26953477011236,92.597412109375,1238600,0.0,0.0
2022-08-17 00:00:00-04:00,92.4720640124375,93.13747177483806,92.27919582265899,92.90602111816406,840200,0.0,0.0
2022-08-18 00:00:00-04:00,93.08924277503344,93.59071179580747,92.88672898653019,93.25318145751953,1193700,0.0,0.0
2022-08-19 00:00:00-04:00,93.47498494185558,94.0535968077075,93.0410278818289,93.88001251220703,1380400,0.0,0.0
2022-08-22 00:00:00-04:00,93.378555438653,93.64857383213548,92.153819694351,92.41419982910156,1332100,0.0,0.0
2022-08-23 00:00:00-04:00,92.28883427771171,92.5299231941712,91.30519473583495,91.94166564941406,769800,0.0,0.0
2022-08-24 00:00:00-04:00,92.00917606419304,92.45277878013572,91.44984802161107,92.32740783691406,1212200,0.0,0.0
2022-08-25 00:00:00-04:00,92.41420181006563,92.92530911689194,91.95130787028074,92.88673400878906,1571200,0.0,0.0
2022-08-26 00:00:00-04:00,92.74208598955302,93.07960901337722,91.35341878332626,91.4112777709961,1098200,0.0,0.0
2022-08-29 00:00:00-04:00,90.8905180282793,92.49135190390754,90.40834021380567,91.85487365722656,959300,0.0,0.0
2022-08-30 00:00:00-04:00,92.1345416005181,92.1345416005181,89.8297321376684,90.01295471191406,891500,0.0,0.0
2022-08-31 00:00:00-04:00,89.95508964777363,90.38905408444775,89.29932754214444,89.31861877441406,1628400,0.0,0.0
2022-09-01 00:00:00-04:00,89.45362983960044,90.56264027989631,88.99073590229928,90.51441955566406,935000,0.0,0.0
2022-09-02 00:00:00-04:00,90.40833259513283,91.41126324761538,89.17395867129245,89.61756134033203,876100,0.0,0.0
2022-09-06 00:00:00-04:00,89.90872174964066,90.76277430490055,89.25847693809757,89.50110626220703,993200,0.59,0.0
2022-09-07 00:00:00-04:00,90.04459481965745,92.83968941077048,89.9669516578022,92.7911605834961,1359600,0.0,0.0
2022-09-08 00:00:00-04:00,92.47088928922057,92.80086902914006,91.66535813459606,92.02445220947266,1111200,0.0,0.0
2022-09-09 00:00:00-04:00,92.3253090168241,93.09201858011083,91.82064327368394,92.7911605834961,1443300,0.0,0.0
2022-09-12 00:00:00-04:00,93.0920230998616,93.5190531063389,92.50000691977621,93.10173034667969,1050700,0.0,0.0
2022-09-13 00:00:00-04:00,92.33501771474718,92.5388254644766,89.86990282053571,90.33575439453125,1156000,0.0,0.0
2022-09-14 00:00:00-04:00,90.35516023613776,91.70417870701056,90.35516023613776,90.96659088134766,958800,0.0,0.0
2022-09-15 00:00:00-04:00,90.47162406770923,90.47162406770923,88.35589605339172,88.49176788330078,1106000,0.0,0.0
2022-09-16 00:00:00-04:00,88.2879632232165,89.25848055902503,88.2879632232165,89.02555847167969,2386200,0.0,0.0
2022-09-19 00:00:00-04:00,88.7149907974296,89.64668652582432,88.20061040375364,89.57875061035156,873800,0.0,0.0
2022-09-20 00:00:00-04:00,88.88967499280268,89.00613973315018,87.59889262513296,88.54999542236328,1257800,0.0,0.0
2022-09-21 00:00:00-04:00,89.20994596840828,90.26781364643126,87.75417005872357,87.7929916381836,1793700,0.0,0.0
2022-09-22 00:00:00-04:00,87.65711828558636,88.31707031599413,86.95834467639472,87.74446868896484,1283600,0.0,0.0
2022-09-23 00:00:00-04:00,86.81277626522852,86.98746968897386,85.39582178572081,86.45368957519531,1149700,0.0,0.0
2022-09-26 00:00:00-04:00,86.0945914843755,86.13341306612355,83.67800540512113,84.15355682373047,1852700,0.0,0.0
2022-09-27 00:00:00-04:00,84.46411459885523,84.79409431228332,82.21251488793398,82.60072326660156,1604600,0.0,0.0
2022-09-28 00:00:00-04:00,83.76534315254432,84.0467940492056,82.54249672431007,83.46448516845703,1286800,0.0,0.0
2022-09-29 00:00:00-04:00,83.13452145898633,83.13452145898633,79.77652484323946,80.05797576904297,1473100,0.0,0.0
2022-09-30 00:00:00-04:00,80.56264255023967,80.79556462726786,77.9713557510211,78.1751708984375,2197700,0.0,0.0
2022-10-03 00:00:00-04:00,79.36890735364382,80.7955690366624,78.64101934430451,80.31031036376953,1348500,0.0,0.0
2022-10-04 00:00:00-04:00,80.39765293035013,81.69815001689827,80.06768058873116,81.59139251708984,1039500,0.0,0.0
2022-10-05 00:00:00-04:00,80.55292967242319,80.55292967242319,78.505137735382,79.03892517089844,1354600,0.0,0.0
2022-10-06 00:00:00-04:00,78.73807254664138,78.73807254664138,76.26325766488462,76.51558685302734,1708600,0.0,0.0
2022-10-07 00:00:00-04:00,76.61264483345204,76.83585968577283,74.2639871315382,74.6910171508789,1739900,0.0,0.0
2022-10-10 00:00:00-04:00,74.75895295780494,76.0497428565104,74.6327883634011,75.39949798583984,1261100,0.0,0.0
2022-10-11 00:00:00-04:00,75.00157628964529,76.31177317301821,74.73953987475448,75.5838851928711,1649500,0.0,0.0
2022-10-12 00:00:00-04:00,75.42860480805474,75.67123413005469,72.6820391059452,72.7305679321289,2328000,0.0,0.0
2022-10-13 00:00:00-04:00,71.78916355648943,75.10833083865235,71.11950427160319,74.91423034667969,2599400,0.0,0.0
2022-10-14 00:00:00-04:00,75.66152922080784,76.33118853963775,73.73990907771437,74.00194549560547,1239800,0.0,0.0
2022-10-17 00:00:00-04:00,74.79776904791065,76.23413792971157,74.79776904791065,75.41889953613281,1191300,0.0,0.0
2022-10-18 00:00:00-04:00,76.83584776888668,77.47639269855217,76.31176757310371,77.02024841308594,1224300,0.0,0.0
2022-10-19 00:00:00-04:00,76.03032046205998,76.92320199058386,75.4965403986223,76.24383544921875,907800,0.0,0.0
2022-10-20 00:00:00-04:00,75.9720930760443,75.9720930760443,74.02135122936538,74.36103820800781,1465800,0.0,0.0
2022-10-21 00:00:00-04:00,74.61336570118308,75.92356995065009,73.92429932202282,75.29273223876953,1199600,0.0,0.0
2022-10-24 00:00:00-04:00,75.78769582832615,76.49617674731033,74.9724648136197,75.57418823242188,1959300,0.0,0.0
2022-10-25 00:00:00-04:00,75.71976107125873,77.3211161940786,75.54506765050638,77.175537109375,1884300,0.0,0.0
2022-10-26 00:00:00-04:00,77.65109116904881,78.02959232331575,76.87467436803696,77.16583251953125,948000,0.0,0.0
2022-10-27 00:00:00-04:00,77.68990926221146,78.94187000584468,77.53462294719581,77.91312408447266,1290000,0.0,0.0
2022-10-28 00:00:00-04:00,78.22368897012375,80.02885164981159,78.22368897012375,79.9026870727539,913300,0.0,0.0
2022-10-31 00:00:00-04:00,79.902685886525,79.902685886525,78.69923918162671,79.11656188964844,1178400,0.0,0.0
2022-11-01 00:00:00-04:00,79.40772490589791,79.95121222252766,78.66042984553201,79.69888305664062,1125100,0.0,0.0
2022-11-02 00:00:00-04:00,79.44655297444426,81.10613679850825,78.76719377317593,78.77689361572266,1683700,0.0,0.0
2022-11-03 00:00:00-04:00,78.16546332443889,79.75711108563172,77.52491835972361,78.74777221679688,1937100,0.0,0.0
2022-11-04 00:00:00-04:00,78.88364341938468,79.93180385999361,77.6607895720076,78.6410140991211,1777400,0.0,0.0
2022-11-07 00:00:00-05:00,78.87394649067335,79.76682813342849,77.68021422532385,78.63131713867188,3203600,0.0,0.0
2022-11-08 00:00:00-05:00,79.14568480148978,80.46558885555098,78.84481941856913,79.9026870727539,2195400,0.0,0.0
2022-11-09 00:00:00-05:00,79.66975818464702,80.22296013019303,78.77688408402584,79.16509246826172,1972200,0.0,0.0
2022-11-10 00:00:00-05:00,81.30022809603992,82.88217597810758,80.02885284730111,82.78512573242188,2052700,0.0,0.0
2022-11-11 00:00:00-05:00,82.8918797231696,82.8918797231696,80.33941468312702,80.86349487304688,1479300,0.0,0.0
2022-11-14 00:00:00-05:00,80.94114532947543,81.3196464889286,80.01914944008327,80.04827117919922,1276200,0.0,0.0
2022-11-15 00:00:00-05:00,80.73734118497413,81.3875860361814,79.71829499977004,80.96055603027344,824000,0.0,0.0
2022-11-16 00:00:00-05:00,81.16435797210292,82.48426207357461,81.09642205825331,81.98930358886719,1194000,0.0,0.0
2022-11-17 00:00:00-05:00,81.25171368129544,81.57198618368676,80.65969750576959,81.12554168701172,1492800,0.0,0.0
2022-11-18 00:00:00-05:00,82.10576389973458,83.72652604920857,81.99900640203657,83.6391830444336,1689800,0.0,0.0
2022-11-21 00:00:00-05:00,83.85270816154538,84.82322559997887,83.48390679608598,84.20209503173828,1579000,0.0,0.0
2022-11-22 00:00:00-05:00,84.45441086744634,85.31817806304247,84.03708813879354,84.6582260131836,957800,0.0,0.0
2022-11-23 00:00:00-05:00,84.43500792802644,85.61904025839736,84.43500792802644,85.54139709472656,923200,0.0,0.0
2022-11-25 00:00:00-05:00,85.88106990610906,86.33721420112083,85.77431241559742,86.19163513183594,350000,0.0,0.0
2022-11-28 00:00:00-05:00,85.58021210773701,85.87137024692444,84.7261595862911,85.3472900390625,1056500,0.0,0.0
2022-11-29 00:00:00-05:00,84.92027483661386,85.07556117902749,84.27972978084814,84.66793823242188,1011000,0.0,0.0
2022-11-30 00:00:00-05:00,84.5029433748536,86.98746536281533,84.31854271327659,86.68660736083984,2240500,0.0,0.0
2022-12-01 00:00:00-05:00,87.50184646842838,88.21031997640559,86.00724888415229,86.08488464355469,1076100,0.0,0.0
2022-12-02 00:00:00-05:00,85.1240634815776,85.77430823429859,84.59028345949893,85.4443359375,941900,0.0,0.0
2022-12-05 00:00:00-05:00,84.80379977740981,85.07555084361996,84.29913403479554,84.6776351928711,842600,0.0,0.0
2022-12-06 00:00:00-05:00,84.48221274331861,85.32254070182483,84.05227542830494,85.29322814941406,1175800,0.59,0.0
2022-12-07 00:00:00-05:00,85.21505760096336,85.67430747500529,84.28679197184917,84.6287841796875,1031200,0.0,0.0
2022-12-08 00:00:00-05:00,84.53106806726379,86.30943489522106,84.34541197073328,86.1628646850586,1136000,0.0,0.0
2022-12-09 00:00:00-05:00,85.801327864504,87.12045233241591,85.78178864829134,86.5830307006836,1188500,0.0,0.0
2022-12-12 00:00:00-05:00,87.35496366788799,88.6252215084999,86.68074513129939,88.6154556274414,1005600,0.0,0.0
2022-12-13 00:00:00-05:00,89.93457040478341,90.3254218284399,87.80443797347002,88.78156280517578,1269400,0.0,0.0
2022-12-14 00:00:00-05:00,89.05515521990839,90.05182670791912,87.28656168679795,87.73603820800781,1485800,0.0,0.0
2022-12-15 00:00:00-05:00,87.23770810990833,87.71649721383378,85.85019256921836,86.17264556884766,1400600,0.0,0.0
2022-12-16 00:00:00-05:00,85.48865208505727,86.30944084563222,84.6483241073865,85.7231674194336,2888200,0.0,0.0
2022-12-19 00:00:00-05:00,85.44956416572263,86.0456109137427,84.75580642480288,85.3030014038086,836700,0.0,0.0
2022-12-20 00:00:00-05:00,85.3225341447605,85.58635455105363,84.67763567667156,85.20527648925781,725000,0.0,0.0
2022-12-21 00:00:00-05:00,85.31276553557511,86.60256999807089,85.14665610556425,86.57325744628906,918900,0.0,0.0
2022-12-22 00:00:00-05:00,86.02606548954873,86.36805766745513,84.77534697899367,86.3387451171875,876300,0.0,0.0
2022-12-23 00:00:00-05:00,86.12378404862915,87.5992446657636,86.12378404862915,87.48198699951172,792000,0.0,0.0
2022-12-27 00:00:00-05:00,87.71649274036865,88.33208615460643,87.15953188526403,88.21482849121094,1356700,0.0,0.0
2022-12-28 00:00:00-05:00,88.42002018538156,88.84018414339825,87.22792674845653,87.33541107177734,972900,0.0,0.0
2022-12-29 00:00:00-05:00,87.90214480709817,88.36139464905253,87.68717616151352,87.95100402832031,805300,0.0,0.0
2022-12-30 00:00:00-05:00,88.0682530016987,88.28322164428157,86.14332346327568,86.88593292236328,716500,0.0,0.0
2023-01-03 00:00:00-05:00,86.95433695348785,87.30610249037316,85.39093870892587,86.46577453613281,1084500,0.0,0.0
2023-01-04 00:00:00-05:00,86.90547909536494,87.98031484726008,86.26057317130565,86.92501831054688,1350000,0.0,0.0
2023-01-05 00:00:00-05:00,86.12377651102658,86.5830263450639,83.7102771397209,84.03273010253906,1362000,0.0,0.0
2023-01-06 00:00:00-05:00,84.8046600177794,86.54394092246858,84.58969137475121,86.2996597290039,1587100,0.0,0.0
2023-01-09 00:00:00-05:00,86.0456064078452,87.81420734265863,86.0456064078452,87.36473083496094,1479200,0.0,0.0
2023-01-10 00:00:00-05:00,87.33541458085011,87.34518791650937,86.17264110300543,87.08136749267578,1055500,0.0,0.0
2023-01-11 00:00:00-05:00,87.23770690753764,88.68385499041916,87.14976924787143,88.54705810546875,1427400,0.0,0.0
2023-01-12 00:00:00-05:00,88.84019480183886,88.84019480183886,87.54061688567852,87.69696044921875,1091600,0.0,0.0
2023-01-13 00:00:00-05:00,87.08136175690588,88.27344770833865,86.56347936926755,88.08779907226562,2667700,0.0,0.0
2023-01-17 00:00:00-05:00,88.34185772216193,88.60567814093302,86.80776461254057,87.19861602783203,2124500,0.0,0.0
2023-01-18 00:00:00-05:00,87.47221267784266,87.47221267784266,84.60923658924457,84.69718170166016,2359700,0.0,0.0
2023-01-19 00:00:00-05:00,84.6678698759394,84.6678698759394,83.77868268271017,84.07182312011719,937200,0.0,0.0
2023-01-20 00:00:00-05:00,84.02296317433414,84.75580680668992,83.00675244288294,84.69718170166016,970900,0.0,0.0
2023-01-23 00:00:00-05:00,84.27701928493995,84.95123782477822,83.73959762929046,84.01319885253906,1478100,0.0,0.0
2023-01-24 00:00:00-05:00,84.00342669823229,84.84375468713901,83.0360751593266,84.49198913574219,1118400,0.0,0.0
2023-01-25 00:00:00-05:00,83.85685101755745,84.92192093853404,83.55394471157699,84.90237426757812,1575100,0.0,0.0
2023-01-26 00:00:00-05:00,84.74603846818567,85.57659306979582,84.57992158396706,85.4495620727539,1138700,0.0,0.0
2023-01-27 00:00:00-05:00,85.23460446400334,85.81110455067129,84.9414640252722,85.18574523925781,1122100,0.0,0.0
2023-01-30 00:00:00-05:00,84.9414599924151,85.70361615108514,84.62878035155379,84.92192077636719,1821500,0.0,0.0
2023-01-31 00:00:00-05:00,85.17597601559056,85.30300702411354,83.70052277939041,84.88284301757812,2479200,0.0,0.0
2023-02-01 00:00:00-05:00,84.48221274331861,85.96744667434533,84.35518919791498,85.29322814941406,2930900,0.0,0.0
2023-02-02 00:00:00-05:00,85.47888397156528,86.2996652558335,84.53107168744302,84.74604034423828,2296500,0.0,0.0
2023-02-03 00:00:00-05:00,84.2867861536824,84.51152067980414,82.49864600558277,83.34874725341797,2301100,0.0,0.0
2023-02-06 00:00:00-05:00,83.21195019389319,84.28678596544975,83.0751458656357,83.93502044677734,1863300,0.0,0.0
2023-02-07 00:00:00-05:00,83.46600360650498,84.2086205861741,83.14355061409813,84.02296447753906,2005800,0.0,0.0
2023-02-08 00:00:00-05:00,83.64188777474158,83.64188777474158,82.36185657457503,82.78202056884766,1463800,0.0,0.0
2023-02-09 00:00:00-05:00,82.63544812374529,83.41715098434513,81.75603426928824,81.80489349365234,1109000,0.0,0.0
2023-02-10 00:00:00-05:00,82.09802614451299,83.66143185941486,81.80489316412209,83.54417419433594,1162000,0.0,0.0
2023-02-13 00:00:00-05:00,83.54416969893042,84.02295875954884,83.36828693821154,83.87638854980469,892600,0.0,0.0
2023-02-14 00:00:00-05:00,83.6418890444033,84.10113893521574,82.8015610431021,83.25103759765625,882500,0.0,0.0
2023-02-15 00:00:00-05:00,82.86018557896456,83.99364646437218,82.66475614708699,83.86662292480469,1093500,0.0,0.0
2023-02-16 00:00:00-05:00,83.3096618362621,84.54083370642375,82.75270100313071,83.87638854980469,1846600,0.0,0.0
2023-02-17 00:00:00-05:00,84.14022095351284,85.57659566765986,83.68097108383361,85.263916015625,1283400,0.0,0.0
2023-02-21 00:00:00-05:00,84.76558087011807,85.00986208300026,83.87639367688884,84.07182312011719,1091400,0.0,0.0
2023-02-22 00:00:00-05:00,84.2281586034523,84.86329124327231,83.32920553579339,83.54417419433594,1134700,0.0,0.0
2023-02-23 00:00:00-05:00,84.00343116151923,84.00343116151923,82.52797043448092,83.01653289794922,1279400,0.0,0.0
2023-02-24 00:00:00-05:00,82.18597078414945,82.73315830829408,81.45312715508251,82.44002532958984,1487500,0.0,0.0
2023-02-27 00:00:00-05:00,82.72339087667848,83.52463293124337,81.82443037617308,81.98077392578125,957200,0.0,0.0
2023-02-28 00:00:00-05:00,81.57038345201899,82.2348286294289,80.78868061217057,80.8179931640625,1659800,0.0,0.0
2023-03-01 00:00:00-05:00,80.27080450733393,80.37828883265601,78.59992197942327,79.18619537353516,1841700,0.0,0.0
2023-03-02 00:00:00-05:00,79.33276363534911,80.65188060338743,78.8442012431223,80.48577117919922,1261100,0.0,0.0
2023-03-03 00:00:00-05:00,80.81799522903081,81.84397930068776,79.78224527640752,81.81466674804688,1543100,0.0,0.0
2023-03-06 00:00:00-05:00,81.86351684348273,82.50842280787865,81.52152464488071,81.93191528320312,773100,0.0,0.0
2023-03-07 00:00:00-05:00,82.15666051425693,82.34230916946606,80.18286411040592,80.5541763305664,955600,0.0,0.0
2023-03-08 00:00:00-05:00,80.62256555837385,81.29677656947653,80.25125338065182,81.2479248046875,844700,0.0,0.0
2023-03-09 00:00:00-05:00,81.60945493872494,82.33253261324728,80.41736901897895,80.76913452148438,887600,0.0,0.0
2023-03-10 00:00:00-05:00,81.02318724679377,81.17953079432795,78.78557054308779,79.19596862792969,870900,0.0,0.0
2023-03-13 00:00:00-04:00,79.3229931748622,83.03607047229875,79.19596963203318,81.40426635742188,1995000,0.0,0.0
2023-03-14 00:00:00-04:00,82.00485541383107,83.22572039659184,81.6504095298562,82.41837310791016,1196700,0.63,0.0
2023-03-15 00:00:00-04:00,82.25100010955144,84.5647387094328,81.77840308140858,83.92476654052734,1441800,0.0,0.0
2023-03-16 00:00:00-04:00,83.5210978484085,84.94872173594796,83.383258611474,84.72227478027344,1497900,0.0,0.0
2023-03-17 00:00:00-04:00,84.4465880971578,84.67304256263672,83.23557088099761,83.70816040039062,2192100,0.0,0.0
2023-03-20 00:00:00-04:00,84.03306505363736,84.97825154407865,84.03306505363736,84.64350128173828,1022200,0.0,0.0
2023-03-21 00:00:00-04:00,84.47612621529476,84.53519802359432,80.77414015780737,82.44790649414062,1568600,0.0,0.0
2023-03-22 00:00:00-04:00,82.03439455545019,82.45776007180827,80.52800324496158,80.54769134521484,1663800,0.0,0.0
2023-03-23 00:00:00-04:00,80.64615530723066,81.28611998042086,79.2874435122327,79.3662109375,1334400,0.0,0.0
2023-03-24 00:00:00-04:00,79.52373715346732,82.79251013915318,79.4351294350491,82.7432861328125,1159500,0.0,0.0
2023-03-27 00:00:00-04:00,83.21587468340977,83.62939989956134,82.46760669769249,82.69405364990234,941100,0.0,0.0
2023-03-28 00:00:00-04:00,82.457758892187,83.90507836953577,82.457758892187,83.26510620117188,871500,0.0,0.0
2023-03-29 00:00:00-04:00,83.84600861043707,84.7911951773855,83.84600861043707,84.68289184570312,1278400,0.0,0.0
2023-03-30 00:00:00-04:00,84.86010602936187,85.51976624569414,84.46627645590216,85.1160888671875,1515800,0.0,0.0
2023-03-31 00:00:00-04:00,85.40162017502247,85.63792244008948,84.44658584414896,85.05702209472656,1251700,0.0,0.0
2023-04-03 00:00:00-04:00,84.5844390871043,85.59854530632745,84.0823061248483,84.83058166503906,1370700,0.0,0.0
2023-04-04 00:00:00-04:00,85.04717777330646,85.32286376051226,84.65335567207691,85.07672119140625,1038100,0.0,0.0
2023-04-05 00:00:00-04:00,85.63792641926338,87.931969467069,85.47054376247812,87.89258575439453,1591200,0.0,0.0
2023-04-06 00:00:00-04:00,88.46363778324465,88.84761958989412,87.46921970136198,88.68024444580078,1543800,0.0,0.0
2023-04-10 00:00:00-04:00,87.96150226952133,88.68024185503484,87.52829646874012,88.62117004394531,1592300,0.0,0.0
2023-04-11 00:00:00-04:00,88.78854195821421,88.95591709133842,88.19780133375107,88.77869415283203,1459200,0.0,0.0
2023-04-12 00:00:00-04:00,89.00515261980341,89.09376033721462,88.16826940477281,88.581787109375,1629900,0.0,0.0
2023-04-13 00:00:00-04:00,88.07965347431934,89.00515191106645,87.00647550972951,88.70977783203125,940600,0.0,0.0
2023-04-14 00:00:00-04:00,87.86304422888642,88.35532933832252,87.59721357492778,88.07965087890625,1416200,0.0,0.0
2023-04-17 00:00:00-04:00,88.40456293767231,88.99530358058473,87.3806089845092,88.35533142089844,1225700,0.0,0.0
2023-04-18 00:00:00-04:00,87.94181767993058,88.36518320354548,86.87847996782682,86.9277114868164,1191300,0.0,0.0
2023-04-19 00:00:00-04:00,87.21323325593544,88.05011645370392,87.17384954511782,87.91227722167969,790800,0.0,0.0
2023-04-20 00:00:00-04:00,88.06980229829641,88.15841752328578,87.37075835045079,88.11903381347656,704400,0.0,0.0
2023-04-21 00:00:00-04:00,88.84761602534641,89.093758584435,87.86304578899207,88.57193756103516,777100,0.0,0.0
2023-04-24 00:00:00-04:00,88.69992925959365,89.44820474478678,87.93196567474995,89.3202133178711,1004300,0.0,0.0
2023-04-25 00:00:00-04:00,89.3595962524414,89.77311394658363,89.15283740537029,89.3595962524414,550800,0.0,0.0
2023-04-26 00:00:00-04:00,88.64085918278073,89.39898248846542,87.4002985536353,87.61690521240234,755400,0.0,0.0
2023-04-27 00:00:00-04:00,87.50859707572502,88.56208689412081,87.12461529688657,88.33563995361328,847300,0.0,0.0
2023-04-28 00:00:00-04:00,88.24702618476452,88.73931129515707,87.1147764402014,87.59721374511719,873200,0.0,0.0
2023-05-01 00:00:00-04:00,87.34122930381804,89.15284253891183,86.95724749262224,88.24703216552734,1157200,0.0,0.0
2023-05-02 00:00:00-04:00,88.24703490577494,88.47348938407173,86.94740238636948,87.73506164550781,1315800,0.0,0.0
2023-05-03 00:00:00-04:00,88.12888895009844,88.6211740961538,87.18370237107318,87.28215789794922,789500,0.0,0.0
2023-05-04 00:00:00-04:00,87.51844994341799,88.87715420007905,86.85878967101787,88.36518096923828,1682800,0.0,0.0
2023-05-05 00:00:00-04:00,88.48333313009644,89.2611445470917,87.96150457565021,89.0740737915039,1325900,0.0,0.0
2023-05-08 00:00:00-04:00,88.55224657038156,89.32021012779741,87.49875675234385,87.76458740234375,1253600,0.0,0.0
2023-05-09 00:00:00-04:00,87.56767842514219,87.78428507702935,87.08523360532995,87.4692153930664,989200,0.0,0.0
2023-05-10 00:00:00-04:00,87.95166422232592,88.61132450192714,87.50860309281126,88.41441345214844,621500,0.0,0.0
2023-05-11 00:00:00-04:00,88.55224865250227,88.55224865250227,87.15415322077817,87.4692153930664,801500,0.0,0.0
2023-05-12 00:00:00-04:00,88.05996283386257,88.52271203888525,85.83483203457303,86.36650085449219,2839900,0.0,0.0
2023-05-15 00:00:00-04:00,86.60279857162723,86.7800215176734,83.06819496817967,83.74754333496094,2271100,0.0,0.0
2023-05-16 00:00:00-04:00,83.93461790406676,84.09215275735006,82.18208397550384,82.23130798339844,1781000,0.0,0.0
2023-05-17 00:00:00-04:00,82.20177019689312,82.37899314694725,81.38458257711443,82.04424285888672,1284300,0.0,0.0
2023-05-18 00:00:00-04:00,81.42395627764714,82.55621356202157,81.09905380558695,82.07377624511719,1256600,0.0,0.0
2023-05-19 00:00:00-04:00,82.54636602258644,83.74754292753639,82.23130384355653,82.82205200195312,1973300,0.0,0.0
2023-05-22 00:00:00-04:00,82.98942557098624,83.53093469036973,82.25099789863853,82.32976531982422,959400,0.0,0.0
2023-05-23 00:00:00-04:00,82.182075193436,82.74327990285514,81.3254964215123,81.43379974365234,1436400,0.0,0.0
2023-05-24 00:00:00-04:00,81.33535186382504,81.98516434600609,80.79383520227822,80.86275482177734,1345900,0.0,0.0
2023-05-25 00:00:00-04:00,80.57722516823216,80.57722516823216,79.37605578028634,79.70095825195312,1169500,0.0,0.0
2023-05-26 00:00:00-04:00,79.58281436877515,79.58281436877515,78.76561926608754,79.52373504638672,1061200,0.0,0.0
2023-05-30 00:00:00-04:00,79.27759929041825,79.83880407538922,78.72624231196971,78.9034652709961,1268800,0.0,0.0
2023-05-31 00:00:00-04:00,79.08068695298577,80.37047165460353,78.65732141946367,79.8191146850586,1521600,0.0,0.0
2023-06-01 00:00:00-04:00,79.89787515990425,79.95694696959353,78.69669828505744,79.12006378173828,1592800,0.0,0.0
2023-06-02 00:00:00-04:00,78.56870797389949,80.5870724541994,78.56870797389949,79.91756439208984,2018800,0.0,0.0
2023-06-05 00:00:00-04:00,79.85848702463441,81.19750305567848,79.85848702463441,80.6756820678711,1264900,0.0,0.0
2023-06-06 00:00:00-04:00,81.05967352180232,81.55195866524336,80.1046391416587,80.29170989990234,1232600,0.0,0.0
2023-06-07 00:00:00-04:00,80.22278796946003,82.37899172768292,79.81911055786229,82.30022430419922,1481300,0.0,0.0
2023-06-08 00:00:00-04:00,82.16238119885061,82.61529010671106,81.16797069298961,82.49713897705078,972100,0.0,0.0
2023-06-09 00:00:00-04:00,82.59559727323263,82.61529288467557,81.99500882269508,82.07377624511719,1093600,0.0,0.0
2023-06-12 00:00:00-04:00,82.84173834206103,83.17649612548651,81.80793659850185,82.24114990234375,1369600,0.0,0.0
2023-06-13 00:00:00-04:00,81.54671295859688,82.32052027096789,81.27886211225459,81.87409210205078,2060700,0.63,0.0
2023-06-14 00:00:00-04:00,82.1121819940465,83.23320616167807,81.91377452179378,82.18162536621094,1344400,0.0,0.0
2023-06-15 00:00:00-04:00,82.19154891602723,83.47129756180908,82.01297916152836,83.30265045166016,1301900,0.0,0.0
2023-06-16 00:00:00-04:00,83.47129440797136,84.3046224204,83.29272466021948,83.41177368164062,2814200,0.0,0.0
2023-06-20 00:00:00-04:00,83.1141545823814,83.22328095939415,82.06258138799652,82.22130584716797,1142200,0.0,0.0
2023-06-21 00:00:00-04:00,81.78481050329292,82.74710263907436,80.69354669853463,82.53876495361328,1248300,0.0,0.0
2023-06-22 00:00:00-04:00,82.80662384616977,82.80662384616977,81.35822809637202,81.63600158691406,785900,0.0,0.0
2023-06-23 00:00:00-04:00,81.874093063885,82.26099294023572,79.909833317606,80.18760681152344,1845000,0.0,0.0
2023-06-26 00:00:00-04:00,80.445534623177,81.50703807779327,80.10824040185818,81.3284683227539,743800,0.0,0.0
2023-06-27 00:00:00-04:00,81.33837904675607,82.15186176091174,81.14989422618072,81.93360900878906,1069700,0.0,0.0
2023-06-28 00:00:00-04:00,81.913774750988,81.913774750988,80.00903576449683,80.20744323730469,898800,0.0,0.0
2023-06-29 00:00:00-04:00,79.57252900714346,80.83243990308009,79.30467816613289,80.34632873535156,822400,0.0,0.0
2023-06-30 00:00:00-04:00,80.37609177794621,81.31854621247292,80.36617670226113,81.02092742919922,1117200,0.0,0.0
2023-07-03 00:00:00-04:00,80.81259878703342,82.1915512084961,80.65387431680732,82.1915512084961,543300,0.0,0.0
2023-07-05 00:00:00-04:00,81.81456723155061,83.79867214292564,81.70544085592422,83.07447052001953,1492300,0.0,0.0
2023-07-06 00:00:00-04:00,82.4197260662878,83.10423716570749,81.67568666826975,82.61813354492188,1131600,0.0,0.0
2023-07-07 00:00:00-04:00,82.10226556003167,82.47924277857801,81.53679594783229,81.60623931884766,1422200,0.0,0.0
2023-07-10 00:00:00-04:00,81.35822867250137,82.0129793950213,80.75307603435235,81.447509765625,1317300,0.0,0.0
2023-07-11 00:00:00-04:00,81.5863967716955,82.81654734066741,81.42767230493915,82.75701904296875,990500,0.0,0.0
2023-07-12 00:00:00-04:00,83.20344682398932,84.21533705497518,82.94551105187135,83.89788055419922,1027000,0.0,0.0
2023-07-13 00:00:00-04:00,83.73915119113296,84.62207726880641,83.69946818476163,84.57247161865234,1091900,0.0,0.0
2023-07-14 00:00:00-04:00,84.26493911061561,85.14786520222886,83.57049784129259,84.79072570800781,1371900,0.0,0.0
2023-07-17 00:00:00-04:00,84.6022381893314,84.77088530221519,83.5308196449636,83.75899505615234,1875700,0.0,0.0
2023-07-18 00:00:00-04:00,83.8284383856921,84.51295705013472,82.72725947713664,83.63994598388672,1843900,0.0,0.0
2023-07-19 00:00:00-04:00,84.11613219903114,84.9593753084324,83.97724545483611,84.51295471191406,1323000,0.0,0.0
2023-07-20 00:00:00-04:00,84.74111915244923,86.25895820230575,83.8879534330021,86.23912048339844,1629900,0.0,0.0
2023-07-21 00:00:00-04:00,86.50697668888367,87.94545738368056,86.14983717629686,87.58831787109375,1363800,0.0,0.0
2023-07-24 00:00:00-04:00,87.62800002086738,87.69744339381386,86.41769474772013,86.58634185791016,1704300,0.0,0.0
2023-07-25 00:00:00-04:00,86.44745398586156,87.5387102188447,86.31848988600098,87.3204574584961,1527800,0.0,0.0
2023-07-26 00:00:00-04:00,87.26093930162902,88.01490134083988,86.8740394218882,87.39982604980469,1084200,0.0,0.0
2023-07-27 00:00:00-04:00,86.95340004690355,87.46926399830633,85.68357410305701,85.93158721923828,1367900,0.0,0.0
2023-07-28 00:00:00-04:00,86.60618363694876,86.81451374734574,84.84032388303011,85.14786529541016,1090800,0.0,0.0
2023-07-31 00:00:00-04:00,85.49508463574787,85.70341475221157,84.48319441738704,84.9891357421875,1285400,0.0,0.0
2023-08-01 00:00:00-04:00,84.80065134204172,85.20738893278201,83.78875354981571,83.96732330322266,1194300,0.0,0.0
2023-08-02 00:00:00-04:00,83.9077993362213,84.45342365091072,83.4812164733683,83.71930694580078,1205700,0.0,0.0
2023-08-03 00:00:00-04:00,83.58042563870417,85.05858178890735,81.46735647490661,82.26099395751953,1705900,0.0,0.0
2023-08-04 00:00:00-04:00,82.3601948446708,82.82646072854897,80.4653785140551,80.7530746459961,1392500,0.0,0.0
2023-08-07 00:00:00-04:00,81.02092606763378,81.28878448183075,80.50506209655657,80.56458282470703,1228600,0.0,0.0
2023-08-08 00:00:00-04:00,80.60426458778244,80.76299661874464,79.58245173693274,80.7034683227539,1212100,0.0,0.0
2023-08-09 00:00:00-04:00,80.40585579761631,81.27885924729465,80.08839930966423,80.36617279052734,958400,0.0,0.0
2023-08-10 00:00:00-04:00,80.5745066115927,81.01101214091257,79.6419748239584,79.8304672241211,825300,0.0,0.0
2023-08-11 00:00:00-04:00,79.90982828410833,80.44552994934251,79.51300578832486,80.2669677734375,1034800,0.0,0.0
2023-08-14 00:00:00-04:00,80.3066493808354,80.3066493808354,79.0864290058481,79.33444213867188,1127600,0.0,0.0
2023-08-15 00:00:00-04:00,78.83841244969226,78.92769354062716,78.0943730835287,78.1340560913086,1522900,0.0,0.0
2023-08-16 00:00:00-04:00,78.65984347967856,79.21539045659075,78.29278133064162,78.89793395996094,1177600,0.0,0.0
2023-08-17 00:00:00-04:00,78.75904589651972,79.81061910484965,78.54079313959997,78.56063842773438,1143100,0.0,0.0
2023-08-18 00:00:00-04:00,78.69952922015706,80.10824199981232,78.65984621060564,79.92967224121094,1665100,0.0,0.0
2023-08-21 00:00:00-04:00,79.71141300191684,79.97927140245369,78.73920583749306,79.43363952636719,1373200,0.0,0.0
2023-08-22 00:00:00-04:00,79.25507429652846,79.83046656794609,79.13602527075793,79.66181945800781,1126500,0.0,0.0
2023-08-23 00:00:00-04:00,79.90983128728672,79.94950672647253,79.0368202500016,79.68165588378906,1063100,0.0,0.0
2023-08-24 00:00:00-04:00,79.35427542681435,80.63402402895758,79.18562832241618,79.3443603515625,1449400,0.0,0.0
2023-08-25 00:00:00-04:00,79.67173641997127,80.32649472407194,79.48325158565514,79.81062316894531,1054400,0.0,0.0
2023-08-28 00:00:00-04:00,79.9693520148253,80.43561789723717,79.52293142076621,79.68165588378906,1099000,0.0,0.0
2023-08-29 00:00:00-04:00,79.93959298175078,80.32649285471172,79.66181949026702,79.89990997314453,1328000,0.0,0.0
2023-08-30 00:00:00-04:00,79.8701508582819,80.35625447598255,79.33444158685747,79.76102447509766,735200,0.0,0.0
2023-08-31 00:00:00-04:00,79.95943104868233,80.00903670184542,78.63008431402383,78.63999938964844,1071100,0.0,0.0
2023-09-01 00:00:00-04:00,79.27491850082316,79.27491850082316,77.14200412302652,77.8265151977539,911300,0.0,0.0
2023-09-05 00:00:00-04:00,77.69755278610796,77.7471584394348,76.04082690012834,76.66581726074219,1123600,0.0,0.0
2023-09-06 00:00:00-04:00,76.86423427999873,77.09240212613989,76.43765138421283,77.05271911621094,1205900,0.0,0.0
2023-09-07 00:00:00-04:00,77.469378902719,78.60032575701084,77.469378902719,78.07453155517578,1002000,0.0,0.0
2023-09-08 00:00:00-04:00,78.15389459920145,78.92769433681573,78.04476821889585,78.77889251708984,1393600,0.0,0.0
2023-09-11 00:00:00-04:00,78.6102390252546,79.1856312994023,78.44159191451614,78.63999938964844,980300,0.0,0.0
2023-09-12 00:00:00-04:00,78.79000091552734,78.91000366210938,78.12999725341797,78.73999786376953,1559100,0.63,0.0
2023-09-13 00:00:00-04:00,78.93000030517578,80.62999725341797,78.86000061035156,80.0999984741211,1420300,0.0,0.0
2023-09-14 00:00:00-04:00,80.3499984741211,81.08999633789062,80.26000213623047,81.04000091552734,1094900,0.0,0.0
2023-09-15 00:00:00-04:00,80.81999969482422,81.6500015258789,80.61000061035156,80.7699966430664,1574800,0.0,0.0
2023-09-18 00:00:00-04:00,80.80000305175781,81.25,80.18000030517578,80.68000030517578,1310400,0.0,0.0
2023-09-19 00:00:00-04:00,80.76000213623047,81.08000183105469,80.20999908447266,80.22000122070312,1219800,0.0,0.0
2023-09-20 00:00:00-04:00,80.70999908447266,81.44999694824219,80.13999938964844,80.44000244140625,1016700,0.0,0.0
2023-09-21 00:00:00-04:00,80.45999908447266,80.7249984741211,79.66000366210938,80.69999694824219,208001,0.0,0.0
